0 1 0 nan
0.003996 1 0 0
0.00799201 1 0 0
0.011988 1 0 0
0.015984 1 0 0
0.01998 1 0 0
0.023976 1 0 0
0.027972 1 0 0
0.031968 1 0 0
0.035964 1 0 0
0.03996 1 0 0
0.043956 1 0 0
0.047952 1 0 0
0.0519481 1 0 0
0.0559441 1 0 0
0.0599401 1 0 0
0.0639361 1 0 0
0.0679321 1 0 0
0.0719281 1 0 0
0.0759241 1 0 0
0.0799201 1 0 0
0.0839161 1 0 0
0.0879121 1 0 0
0.0919081 1 0 0
0.0959041 1 0 0
0.0999001 1 0 0
0.103896 1 0 0
0.107892 1 0 0
0.111888 1 0 0
0.115884 1 0 0
0.11988 1 0 0
0.123876 1 0 0
0.127872 1 0 0
0.131868 1 0 0
0.135864 1 0 0
0.13986 1 0 0
0.143856 1 0 0
0.147852 1 0 0
0.151848 1 0 0
0.155844 1 0 0
0.15984 1 0 0
0.163836 1 0 0
0.167832 1 0 0
0.171828 1 0 0
0.175824 1 0 0
0.17982 1 0 0
0.183816 1 0 0
0.187812 1 0 0
0.191808 1 0 0
0.195804 1 0 0
0.1998 1 0 0
0.203796 1 0 0
0.207792 1 0 0
0.211788 1 0 0
0.215784 1 0 0
0.21978 1 0 0
0.223776 1 0 0
0.227772 1 0 0
0.231768 1 0 0
0.235764 1 0 0
0.23976 1 0 0
0.243756 1 0 0
0.247752 1 0 0
0.251748 1 0 0
0.255744 1 0 0
0.25974 1 0 0
0.263736 1 0 0
0.267732 1 0 0
0.271728 1 0 0
0.275724 1 0 0
0.27972 1 0 0
0.283716 1 0 0
0.287712 1 0 0
0.291708 1 0 0
0.295704 1 0 0
0.2997 1 0 0
0.303696 1 0 0
0.307692 1 0 0
0.311688 1 0 0
0.315684 1 0 0
0.31968 1 0 0
0.323676 1 0 0
0.327672 1 0 0
0.331668 1 0 0
0.335664 1 0 0
0.33966 1 0 0
0.343656 1 0 0
0.347652 1 0 0
0.351648 1 0 0
0.355644 1 0 0
0.35964 1 0 0
0.363636 1 0 0
0.367632 1 0 0
0.371628 1 0 0
0.375624 1 0 0
0.37962 1 0 0
0.383616 1 0 0
0.387612 1 0 0
0.391608 1 0 0
0.395604 1 0 0
0.3996 1 0 0
0.403596 1 0 0
0.407592 1 0 0
0.411588 1 0 0
0.415584 1 0 0
0.41958 1 0 0
0.423576 1 0 0
0.427572 1 0 0
0.431568 1 0 0
0.435564 1 0 0
0.43956 1 0 0
0.443556 1 0 0
0.447552 1 0 0
0.451548 1 0 0
0.455544 1 0 0
0.45954 1 0 0
0.463536 1 0 0
0.467532 1 0 0
0.471528 1 0 0
0.475524 1 0 0
0.47952 1 0 0
0.483516 1 0 0
0.487512 1 0 0
0.491508 1 0 0
0.495504 1 0 0
0.4995 1 0 0
0.503497 1 0 0
0.507493 1 0 0
0.511489 1 0 0
0.515485 1 0 0
0.519481 1 0 0
0.523477 1 0 0
0.527473 1 0 0
0.531469 1 0 0
0.535465 1 0 0
0.539461 1 0 0
0.543457 1 0 0
0.547453 1 0 0
0.551449 0.99999 4.99998e-08 9.06699e-08
0.555445 1 1.002e-10 1.80396e-10
0.559441 1 2.00728e-13 3.58802e-13
0.563437 1 4.44089e-16 7.8818e-16
0.567433 1 0 0
0.571429 1 0 0
0.575425 1 0 0
0.579421 1 0 0
0.583417 1 0 0
0.587413 1 0 0
0.591409 1 0 0
0.595405 1 0 0
0.599401 1 0 0
0.603397 1 0 0
0.607393 1 0 0
0.611389 1 0 0
0.615385 1 0 0
0.619381 1 0 0
0.623377 1 0 0
0.627373 0.99999 4.99998e-08 7.96971e-08
0.631369 0.99997 1.49497e-07 2.36783e-07
0.635365 0.99999 5.02994e-08 7.91662e-08
0.639361 1 1.008e-10 1.57658e-10
0.643357 1 2.02061e-13 3.14072e-13
0.647353 1 4.44089e-16 6.86008e-16
0.651349 0.99996 1.98794e-07 3.05204e-07
0.655345 0.99998 1.00197e-07 1.52892e-07
0.659341 1 2.00796e-10 3.04541e-10
0.663337 1 4.02345e-13 6.06547e-13
0.667333 0.99999 4.99998e-08 7.49248e-08
0.671329 0.99999 5.01e-08 7.46281e-08
0.675325 0.99999 5.01002e-08 7.41868e-08
0.679321 0.99999 5.01002e-08 7.37504e-08
0.683317 0.99997 1.49497e-07 2.18782e-07
0.687313 0.99999 5.02994e-08 7.31827e-08
0.691309 0.99997 1.49498e-07 2.16253e-07
0.695305 0.99996 1.99094e-07 2.86341e-07
0.699301 0.99999 5.03988e-08 7.20703e-08
0.703297 1 1.01e-10 1.43609e-10
0.707293 0.99997 1.49397e-07 2.11224e-07
0.711289 0.99999 5.02992e-08 7.07156e-08
0.715285 0.99997 1.49498e-07 2.09005e-07
0.719281 0.99998 2.00299e-07 2.78471e-07
0.723277 1 4.014e-10 5.54975e-10
0.727273 0.99996 1.98795e-07 2.73343e-07
0.731269 0.99995 2.48389e-07 3.39669e-07
0.735265 1 4.97774e-10 6.77e-10
0.739261 0.99998 9.97998e-08 1.34999e-07
0.743257 0.99998 9.99988e-08 1.34541e-07
0.747253 0.99992 3.94576e-07 5.28036e-07
0.751249 0.99999 5.07905e-08 6.76081e-08
0.755245 0.9999 4.91064e-07 6.50205e-07
0.759241 0.99998 1.00783e-07 1.32742e-07
0.763237 0.99998 1.00001e-07 1.31022e-07
0.767233 0.99995 2.48191e-07 3.23489e-07
0.771229 0.99997 1.49894e-07 1.94358e-07
0.775225 0.99988 5.87045e-07 7.57258e-07
0.779221 0.99993 3.46958e-07 4.45263e-07
0.783217 0.9999 4.91657e-07 6.27741e-07
0.787213 0.99988 5.8773e-07 7.46596e-07
0.791209 0.99979 1.00901e-06 1.27527e-06
0.795205 0.99989 5.40976e-07 6.80297e-07
0.799201 0.99991 4.43853e-07 5.55372e-07
0.803197 0.99996 1.99684e-07 2.48611e-07
0.807193 0.99986 8.82525e-07 1.09333e-06
0.811189 0.99992 3.96145e-07 4.88351e-07
0.815185 0.99977 1.09999e-06 1.34937e-06
0.819181 0.99989 5.41158e-07 6.60609e-07
0.823177 0.99984 7.76985e-07 9.43886e-07
0.827173 0.9999 4.92519e-07 5.95425e-07
0.831169 0.99979 1.10901e-06 1.33428e-06
0.835165 0.99986 6.83947e-07 8.18936e-07
0.839161 0.99979 1.1094e-06 1.32203e-06
0.843157 0.99987 6.36558e-07 7.5497e-07
0.847153 0.9998 1.16352e-06 1.37345e-06
0.851149 0.99995 2.50323e-07 2.941e-07
0.855145 0.99993 3.46283e-07 4.04941e-07
0.859141 0.99984 7.76594e-07 9.0392e-07
0.863137 0.99987 7.36092e-07 8.5281e-07
0.867133 0.9998 9.63319e-07 1.11092e-06
0.871129 0.999689 1.55875e-06 1.78935e-06
0.875125 0.9998 1.06517e-06 1.21716e-06
0.879121 0.99981 1.11819e-06 1.27195e-06
0.883117 0.99979 1.11027e-06 1.25722e-06
0.887113 0.999669 1.947e-06 2.19476e-06
0.891109 0.999659 1.69145e-06 1.89814e-06
0.895105 0.99985 8.32503e-07 9.30062e-07
0.899101 0.999649 2.03299e-06 2.26113e-06
0.903097 0.999629 2.02093e-06 2.23778e-06
0.907093 0.999679 2.00545e-06 2.21085e-06
0.911089 0.999609 2.00562e-06 2.20134e-06
0.915085 0.99977 1.30361e-06 1.42458e-06
0.919081 0.999609 2.30481e-06 2.50774e-06
0.923077 0.999669 1.64879e-06 1.78619e-06
0.927073 0.999629 2.02016e-06 2.17908e-06
0.931069 0.999669 1.74842e-06 1.87786e-06
0.935065 0.999449 2.6557e-06 2.84013e-06
0.939061 0.999339 3.67619e-06 3.91475e-06
0.943057 0.999639 1.78105e-06 1.8886e-06
0.947053 0.999549 2.25517e-06 2.38125e-06
0.951049 0.999639 2.07881e-06 2.18581e-06
0.955045 0.999529 2.33749e-06 2.44752e-06
0.959041 0.999659 1.99283e-06 2.07794e-06
0.963037 0.999489 3.09956e-06 3.21853e-06
0.967033 0.999309 3.78672e-06 3.91581e-06
0.971029 0.999489 3.10316e-06 3.19574e-06
0.975025 0.999609 2.00782e-06 2.05925e-06
0.979021 0.999489 3.19979e-06 3.26836e-06
0.983017 0.999369 3.76624e-06 3.8313e-06
0.987013 0.999489 2.80252e-06 2.83939e-06
0.991009 0.999188 4.70761e-06 4.75032e-06
0.995005 0.999309 3.28894e-06 3.30545e-06
0.999001 0.999279 3.89493e-06 3.89882e-06
1.003 0.999269 4.03189e-06 4.01984e-06
1.00699 0.999319 3.65204e-06 3.62668e-06
1.01099 0.999269 4.0314e-06 3.98758e-06
1.01499 0.999238 4.33798e-06 4.27394e-06
1.01898 0.999118 5.04281e-06 4.94887e-06
1.02298 0.999168 4.97976e-06 4.86791e-06
1.02697 0.999369 3.4692e-06 3.37809e-06
1.03097 0.999098 5.00533e-06 4.85497e-06
1.03497 0.999279 3.69797e-06 3.57304e-06
1.03896 0.999048 4.86281e-06 4.68046e-06
1.04296 0.999078 5.27217e-06 5.05502e-06
1.04695 0.998667 7.3027e-06 6.9752e-06
1.05095 0.999068 4.90779e-06 4.66986e-06
1.05495 0.998798 8.0831e-06 7.6621e-06
1.05894 0.998567 8.73464e-06 8.24846e-06
1.06294 0.998968 5.41527e-06 5.09463e-06
1.06693 0.998928 6.02569e-06 5.64767e-06
1.07093 0.998307 8.71766e-06 8.14028e-06
1.07493 0.999008 5.29596e-06 4.92682e-06
1.07892 0.998367 8.1146e-06 7.52103e-06
1.08292 0.998487 7.29615e-06 6.7375e-06
1.08691 0.998547 9.07603e-06 8.35028e-06
1.09091 0.998517 7.93924e-06 7.27764e-06
1.09491 0.998727 7.86548e-06 7.18371e-06
1.0989 0.998437 7.59244e-06 6.90912e-06
1.1029 0.998507 9.05875e-06 8.2136e-06
1.10689 0.998447 7.87656e-06 7.11591e-06
1.11089 0.997886 1.24296e-05 1.11889e-05
1.11489 0.998357 8.84756e-06 7.93585e-06
1.11888 0.997876 1.40424e-05 1.25504e-05
1.12288 0.997986 1.04508e-05 9.30715e-06
1.12687 0.998567 8.13818e-06 7.22191e-06
1.13087 0.998407 8.65041e-06 7.64935e-06
1.13487 0.998086 8.12815e-06 7.16221e-06
1.13886 0.997976 9.84737e-06 8.64669e-06
1.14286 0.998036 1.05916e-05 9.26763e-06
1.14685 0.998437 8.70011e-06 7.58607e-06
1.15085 0.997575 1.55804e-05 1.35382e-05
1.15485 0.997856 1.34693e-05 1.16633e-05
1.15884 0.997836 1.09739e-05 9.46975e-06
1.16284 0.997876 1.25436e-05 1.07871e-05
1.16683 0.997976 1.0758e-05 9.21985e-06
1.17083 0.997816 1.29856e-05 1.10909e-05
1.17483 0.997575 1.41862e-05 1.20752e-05
1.17882 0.997675 1.25603e-05 1.0655e-05
1.18282 0.997745 1.27279e-05 1.07607e-05
1.18681 0.997224 1.71214e-05 1.44264e-05
1.19081 0.997525 1.27967e-05 1.07462e-05
1.19481 0.996222 2.6888e-05 2.25041e-05
1.1988 0.997084 1.5149e-05 1.26368e-05
1.2028 0.997525 1.36946e-05 1.13856e-05
1.20679 0.996774 1.75734e-05 1.4562e-05
1.21079 0.996944 1.72986e-05 1.4287e-05
1.21479 0.997154 1.5584e-05 1.28286e-05
1.21878 0.996994 1.56444e-05 1.28361e-05
1.22278 0.996603 1.8904e-05 1.54599e-05
1.22677 0.995591 2.60912e-05 2.12681e-05
1.23077 0.996443 1.91127e-05 1.5529e-05
1.23477 0.996403 1.90123e-05 1.53975e-05
1.23876 0.996122 2.5432e-05 2.05302e-05
1.24276 0.995581 2.78695e-05 2.24256e-05
1.24675 0.996693 1.99839e-05 1.60287e-05
1.25075 0.996633 1.64607e-05 1.31606e-05
1.25475 0.996062 2.37546e-05 1.89318e-05
1.25874 0.996273 2.07228e-05 1.64631e-05
1.26274 0.995511 3.08926e-05 2.44648e-05
1.26673 0.995601 2.7957e-05 2.20701e-05
1.27073 0.996152 2.43294e-05 1.9146e-05
1.27473 0.996082 2.4028e-05 1.88495e-05
1.27872 0.994369 2.93591e-05 2.29597e-05
1.28272 0.99497 3.6581e-05 2.85183e-05
1.28671 0.994599 3.18766e-05 2.47737e-05
1.29071 0.99512 3.19132e-05 2.47253e-05
1.29471 0.99495 3.49813e-05 2.70187e-05
1.2987 0.994379 3.62573e-05 2.79181e-05
1.3027 0.9952 2.64854e-05 2.03312e-05
1.30669 0.995311 2.69606e-05 2.06327e-05
1.31069 0.994248 3.55113e-05 2.70936e-05
1.31469 0.993848 5.06973e-05 3.85623e-05
1.31868 0.994419 3.30304e-05 2.5048e-05
1.32268 0.993878 5.08108e-05 3.84151e-05
1.32667 0.994749 3.05501e-05 2.30276e-05
1.33067 0.994319 2.90559e-05 2.18355e-05
1.33467 0.993888 3.8751e-05 2.90343e-05
1.33866 0.992936 5.01256e-05 3.74446e-05
1.34266 0.993567 3.4871e-05 2.59716e-05
1.34665 0.994068 3.42216e-05 2.54123e-05
1.35065 0.993146 4.55802e-05 3.37469e-05
1.35465 0.993717 4.11317e-05 3.03635e-05
1.35864 0.992675 4.32756e-05 3.18521e-05
1.36264 0.992425 6.33451e-05 4.64871e-05
1.36663 0.992555 4.34481e-05 3.1792e-05
1.37063 0.992475 4.73184e-05 3.45231e-05
1.37463 0.992836 4.19035e-05 3.04836e-05
1.37862 0.992715 4.31613e-05 3.13076e-05
1.38262 0.992455 4.5613e-05 3.29903e-05
1.38661 0.992194 5.224e-05 3.76745e-05
1.39061 0.993246 4.21702e-05 3.0325e-05
1.39461 0.991122 6.16507e-05 4.42066e-05
1.3986 0.991764 5.75346e-05 4.11372e-05
1.4026 0.991012 6.25681e-05 4.46087e-05
1.40659 0.990952 5.84878e-05 4.15812e-05
1.41059 0.992074 5.00736e-05 3.54984e-05
1.41459 0.991122 5.836e-05 4.12559e-05
1.41858 0.990581 5.62922e-05 3.96821e-05
1.42258 0.991453 5.61682e-05 3.94834e-05
1.42657 0.990391 7.02504e-05 4.92442e-05
1.43057 0.990571 6.71993e-05 4.69738e-05
1.43457 0.98993 6.49093e-05 4.52467e-05
1.43856 0.990882 6.95931e-05 4.83768e-05
1.44256 0.989569 7.0044e-05 4.85554e-05
1.44655 0.988737 7.86065e-05 5.43406e-05
1.45055 0.9898 5.83338e-05 4.0215e-05
1.45455 0.988778 8.29913e-05 5.70565e-05
1.45854 0.98995 6.3741e-05 4.37018e-05
1.46254 0.99004 5.21301e-05 3.56436e-05
1.46653 0.988347 9.8323e-05 6.70445e-05
1.47053 0.987014 9.89964e-05 6.73203e-05
1.47453 0.988407 9.0095e-05 6.1101e-05
1.47852 0.988257 7.36939e-05 4.9843e-05
1.48252 0.988046 8.54582e-05 5.7644e-05
1.48651 0.986623 9.94401e-05 6.68949e-05
1.49051 0.986733 9.49399e-05 6.36962e-05
1.49451 0.987525 8.27923e-05 5.53978e-05
1.4985 0.987335 9.46651e-05 6.31732e-05
1.5025 0.987074 7.84026e-05 5.21816e-05
1.50649 0.986403 9.08746e-05 6.0322e-05
1.51049 0.98489 0.000121863 8.06781e-05
1.51449 0.985371 0.000104966 6.93083e-05
1.51848 0.98484 0.000143772 9.46813e-05
1.52248 0.985441 0.000125144 8.21975e-05
1.52647 0.984729 0.000102633 6.7235e-05
1.53047 0.98476 0.000118785 7.76135e-05
1.53447 0.985301 0.000100348 6.53961e-05
1.53846 0.984098 0.000124939 8.12103e-05
1.54246 0.984719 0.00011941 7.74155e-05
1.54645 0.983417 0.000162462 0.000105055
1.55045 0.982285 0.000161539 0.000104189
1.55445 0.983958 0.000148436 9.54914e-05
1.55844 0.984048 9.7237e-05 6.23938e-05
1.56244 0.981182 0.000148095 9.47849e-05
1.56643 0.982234 0.000151166 9.65031e-05
1.57043 0.982816 0.000123788 7.88243e-05
1.57443 0.981333 0.000135897 8.63152e-05
1.57842 0.982395 0.000144988 9.18565e-05
1.58242 0.983367 0.000127533 8.05937e-05
1.58641 0.980441 0.000160682 0.000101287
1.59041 0.981523 0.000124856 7.85056e-05
1.59441 0.98001 0.000137675 8.63488e-05
1.5984 0.977906 0.000190029 0.000118887
1.6024 0.981703 0.000116217 7.25268e-05
1.60639 0.980391 0.000146824 9.13996e-05
1.61039 0.97995 0.000155151 9.6344e-05
1.61439 0.978357 0.000225366 0.000139599
1.61838 0.975752 0.0002312 0.000142858
1.62238 0.978467 0.000154576 9.52774e-05
1.62637 0.977164 0.000227489 0.000139875
1.63037 0.978717 0.000156326 9.58837e-05
1.63437 0.978537 0.000158995 9.72823e-05
1.63836 0.976142 0.000219956 0.000134253
1.64236 0.977675 0.00017179 0.0001046
1.64635 0.977745 0.000146314 8.88713e-05
1.65035 0.974449 0.000229098 0.000138818
1.65435 0.97512 0.000229904 0.000138969
1.65834 0.970441 0.000479525 0.000289159
1.66234 0.972936 0.00032676 0.000196567
1.66633 0.974479 0.000194872 0.000116947
1.67033 0.975882 0.000195906 0.000117286
1.67433 0.972234 0.000246652 0.000147314
1.67832 0.972265 0.000291458 0.000173661
1.68232 0.973627 0.000229511 0.000136426
1.68631 0.972204 0.000209328 0.000124133
1.69031 0.973297 0.000214352 0.000126812
1.69431 0.973216 0.000209373 0.000123574
1.6983 0.972275 0.000209024 0.000123078
1.7023 0.969679 0.00029751 0.00017477
1.70629 0.969098 0.000274432 0.000160835
1.71029 0.97012 0.000232499 0.000135942
1.71429 0.969389 0.000282207 0.00016462
1.71828 0.968888 0.000330942 0.0001926
1.72228 0.968397 0.000308915 0.000179364
1.72627 0.967555 0.000326906 0.000189371
1.73027 0.971242 0.000219552 0.000126889
1.73427 0.968056 0.000325619 0.000187756
1.73826 0.967385 0.000331539 0.00019073
1.74226 0.962645 0.000361002 0.000207203
1.74625 0.965762 0.000360464 0.000206421
1.75025 0.966242 0.000354589 0.000202594
1.75425 0.967154 0.000241711 0.000137786
1.75824 0.96497 0.000387608 0.000220452
1.76224 0.96504 0.000356887 0.000202519
1.76623 0.962335 0.000455535 0.000257913
1.77023 0.963687 0.000392226 0.000221568
1.77423 0.961824 0.000362791 0.000204478
1.77822 0.958858 0.000462548 0.000260119
1.78222 0.958347 0.000399446 0.000224129
1.78621 0.957455 0.0005326 0.000298172
1.79021 0.959329 0.000451168 0.000252019
1.79421 0.962315 0.000406819 0.000226741
1.7982 0.958307 0.000422447 0.000234927
1.8022 0.96021 0.000429911 0.000238548
1.80619 0.952004 0.0008242 0.000456319
1.81019 0.958106 0.000459638 0.000253917
1.81419 0.956493 0.00046287 0.00025514
1.81818 0.954429 0.00062971 0.00034634
1.82218 0.954289 0.000438481 0.000240636
1.82617 0.952094 0.000518186 0.000283755
1.83017 0.95497 0.000515917 0.000281896
1.83417 0.951222 0.000611163 0.00033321
1.83816 0.950391 0.000725872 0.00039489
1.84216 0.947224 0.000773761 0.00042003
1.84615 0.947485 0.00051752 0.000280323
1.85015 0.954218 0.000735296 0.000397425
1.85415 0.945962 0.000728404 0.000392851
1.85814 0.948677 0.000908428 0.00048889
1.86214 0.947525 0.000585525 0.000314437
1.86613 0.94517 0.000932657 0.000499781
1.87013 0.930271 0.0018792 0.00100485
1.87413 0.948156 0.000569806 0.000304038
1.87812 0.944379 0.000684123 0.000364259
1.88212 0.947545 0.000704012 0.000374053
1.88611 0.94512 0.000641677 0.000340211
1.89011 0.946052 0.000572574 0.000302931
1.89411 0.945651 0.000489952 0.000258672
1.8981 0.944489 0.000623116 0.000328283
1.9021 0.937395 0.000931035 0.000489478
1.90609 0.92981 0.00158986 0.000834091
1.91009 0.937675 0.000919025 0.000481142
1.91409 0.941703 0.000835112 0.000436298
1.91808 0.933968 0.00114655 0.000597759
1.92208 0.937886 0.000802888 0.000417719
1.92607 0.937515 0.000823891 0.000427757
1.93007 0.939429 0.000936245 0.000485083
1.93407 0.927625 0.00124549 0.000643973
1.93806 0.923497 0.00174142 0.000898536
1.94206 0.929259 0.0011321 0.000582937
1.94605 0.9348 0.000707138 0.00036337
1.95005 0.927485 0.000907466 0.000465356
1.95405 0.928687 0.00114914 0.000588084
1.95804 0.914499 0.0012765 0.000651927
1.96204 0.921303 0.00113232 0.000577116
1.96603 0.920922 0.00146895 0.000747166
1.97003 0.919048 0.00123856 0.000628701
1.97403 0.923036 0.00118861 0.000602122
1.97802 0.92518 0.00110956 0.000560946
1.98202 0.923457 0.0011303 0.000570279
1.98601 0.921804 0.00106995 0.000538744
1.99001 0.916503 0.00147313 0.000740263
1.99401 0.918367 0.00161797 0.000811417
1.998 0.920671 0.0011314 0.000566265
2.002 0.915311 0.00135182 0.000675236
2.00599 0.907846 0.00122157 0.000608957
2.00999 0.912675 0.00209664 0.00104311
2.01399 0.909729 0.00179436 0.000890949
2.01798 0.913487 0.00160747 0.000796573
2.02198 0.912916 0.00144327 0.000713789
2.02597 0.908808 0.00155914 0.000769573
2.02997 0.898788 0.00207174 0.00102058
2.03397 0.903347 0.00291239 0.00143188
2.03796 0.907545 0.00144515 0.000709116
2.04196 0.898888 0.00224449 0.00109919
2.04595 0.900581 0.00195376 0.000954938
2.04995 0.904649 0.00223601 0.00109076
2.05395 0.90015 0.00160721 0.000782501
2.05794 0.897325 0.00174261 0.000846771
2.06194 0.855341 0.00903364 0.00438114
2.06593 0.900381 0.00157167 0.000760753
2.06993 0.886563 0.0032988 0.00159368
2.07393 0.904098 0.00173946 0.00083873
2.07792 0.893968 0.00153223 0.000737386
2.08192 0.884058 0.00279437 0.00134221
2.08591 0.869589 0.00629246 0.00301664
2.08991 0.894739 0.00179591 0.000859324
2.09391 0.893176 0.00253785 0.00121202
2.0979 0.871573 0.00401058 0.00191171
2.1019 0.881002 0.00288529 0.00137271
2.10589 0.874138 0.00331356 0.00157347
2.10989 0.884719 0.00206778 0.000980044
2.11389 0.882355 0.00190506 0.000901213
2.11788 0.844419 0.00643174 0.00303687
2.12188 0.870331 0.00316083 0.00148964
2.12587 0.869539 0.00314069 0.00147736
2.12987 0.878096 0.00265537 0.00124673
2.13387 0.868697 0.00301194 0.00141149
2.13786 0.848096 0.00624409 0.00292072
2.14186 0.861423 0.00345027 0.00161088
2.14585 0.838297 0.00519289 0.00241996
2.14985 0.867866 0.00229177 0.00106602
2.15385 0.848016 0.00311539 0.00144643
2.15784 0.842806 0.00659577 0.00305665
2.16184 0.863196 0.00344003 0.00159125
2.16583 0.852505 0.00272226 0.00125691
2.16983 0.852906 0.00382807 0.00176423
2.17383 0.816603 0.00616582 0.00283639
2.17782 0.821072 0.00497228 0.00228314
2.18182 0.758196 0.0351165 0.0160951
2.18581 0.784449 0.0103201 0.00472141
2.18981 0.801743 0.00812746 0.00371149
2.19381 0.820481 0.00527157 0.00240293
2.1978 0.777455 0.020104 0.00914731
2.2018 0.738647 0.0294057 0.0133553
2.20579 0.825571 0.00601717 0.00272789
2.20979 0.683367 0.0459854 0.0208098
2.21379 0.824299 0.00505579 0.00228378
2.21778 0.832054 0.00528662 0.00238374
2.22178 0.813657 0.00709897 0.00319518
2.22577 0.677615 0.0245272 0.0110196
2.22977 0.792054 0.00834869 0.00374419
2.23377 0.832525 0.00455134 0.00203752
2.23776 0.801222 0.00542336 0.00242356
2.24176 0.833206 0.0035079 0.0015648
2.24575 0.770391 0.0144323 0.00642647
2.24975 0.742495 0.0131069 0.00582594
2.25375 0.651623 0.0443826 0.0196928
2.25774 0.756253 0.0135314 0.00599334
2.26174 0.721603 0.0305366 0.0135014
2.26573 0.773216 0.0131375 0.00579833
2.26973 0.681002 0.0462392 0.0203721
2.27373 0.778196 0.00812879 0.0035751
2.27772 0.698707 0.0424296 0.0186281
2.28172 0.749339 0.0110083 0.00482458
2.28571 0.727305 0.0161761 0.00707703
2.28971 0.63503 0.0460418 0.0201081
2.29371 0.612415 0.050342 0.0219479
2.2977 0.75489 0.00990132 0.00430923
2.3017 0.643737 0.0392679 0.0170604
2.30569 0.702415 0.0232224 0.0100718
2.30969 0.716032 0.0259117 0.0112187
2.31369 0.416543 0.0669218 0.0289243
2.31768 0.367285 0.0852295 0.0367736
2.32168 0.542435 0.0354472 0.0152679
2.32567 0.660361 0.0173884 0.00747673
2.32967 0.562916 0.0647445 0.0277913
2.33367 0.584429 0.0261668 0.0112128
2.33766 0.476764 0.0442424 0.0189259
2.34166 0.709309 0.0101933 0.00435305
2.34565 0.600391 0.0227415 0.00969515
2.34965 0.66995 0.0110069 0.0046845
2.35365 0.686473 0.0217159 0.00922651
2.35764 0.691072 0.0178391 0.00756651
2.36164 0.547635 0.0378468 0.0160257
2.36563 0.42985 0.0396416 0.0167573
2.36963 0.61513 0.0134084 0.00565845
2.37363 0.658898 0.0182526 0.00768976
2.37762 0.452615 0.0361737 0.0152142
2.38162 0.48007 0.0498723 0.0209405
2.38561 0.610251 0.0276524 0.0115913
2.38961 0.305341 0.0364745 0.0152638
2.39361 0.490361 0.0367423 0.0153502
2.3976 0.435792 0.0606677 0.0253035
2.4016 0.611834 0.0246975 0.0102838
2.40559 0.490351 0.0480966 0.0199937
2.40959 0.653297 0.0179992 0.00746982
2.41359 0.543637 0.0422225 0.0174937
2.41758 0.337255 0.047422 0.0196154
2.42158 0.459729 0.0638308 0.0263592
2.42557 0.360481 0.0574245 0.0236746
2.42957 0.578908 0.0212696 0.00875449
2.43357 0.479649 0.0392972 0.016148
2.43756 0.336894 0.0510741 0.0209529
2.44156 0.48512 0.0505969 0.0207232
2.44555 0.571914 0.0268024 0.0109596
2.44955 0.543136 0.0587094 0.0239674
2.45355 0.532816 0.038546 0.0157103
2.45754 0.352826 0.0515094 0.0209597
2.46154 0.522996 0.0264151 0.0107312
2.46553 0.347685 0.0481161 0.0195155
2.46953 0.557224 0.0330929 0.0134005
2.47353 0.325601 0.0413061 0.0166993
2.47752 0.401944 0.0497064 0.0200629
2.48152 0.388226 0.0625557 0.0252087
2.48551 0.467966 0.0430191 0.0173079
2.48951 0.313858 0.0400664 0.0160941
2.49351 0.404529 0.046885 0.0188029
2.4975 0.356202 0.0625452 0.0250431
2.5015 0.360611 0.0243783 0.00974549
2.50549 0.420561 0.03155 0.0125923
2.50949 0.391242 0.0415955 0.0165753
2.51349 0.321122 0.0504655 0.0200779
2.51748 0.232285 0.0289758 0.0115098
2.52148 0.282565 0.0395672 0.0156921
2.52547 0.396894 0.0275244 0.0108987
2.52947 0.289629 0.0340128 0.0134466
2.53347 0.362645 0.0370935 0.0146414
2.53746 0.387265 0.0531686 0.0209535
2.54146 0.315731 0.0358862 0.0141203
2.54545 0.37009 0.0303378 0.0119184
2.54945 0.381994 0.0378375 0.0148414
2.55345 0.358377 0.037405 0.0146488
2.55744 0.36509 0.0317644 0.0124204
2.56144 0.349108 0.0236158 0.00921975
2.56543 0.314349 0.027663 0.010783
2.56943 0.215401 0.021665 0.00843183
2.57343 0.20001 0.0200012 0.0077722
2.57742 0.410982 0.0326253 0.0126581
2.58142 0.228046 0.0310982 0.0120469
2.58541 0.26521 0.0424589 0.0164225
2.58941 0.29505 0.0321255 0.0124065
2.59341 0.418447 0.0409829 0.0158027
2.5974 0.390902 0.0245992 0.00947067
2.6014 0.183918 0.0220533 0.00847749
2.60539 0.305531 0.0355685 0.0136519
2.60939 0.19003 0.02142 0.00820882
2.61339 0.254038 0.0356322 0.0136345
2.61738 0.262675 0.0285112 0.010893
2.62138 0.293998 0.0371205 0.0141607
2.62537 0.19496 0.0220505 0.00839901
2.62937 0.250962 0.0291551 0.0110882
2.63337 0.328958 0.0354173 0.0134494
2.63736 0.229269 0.0224208 0.00850122
2.64136 0.230701 0.0191397 0.00724617
2.64535 0.205752 0.0212351 0.00802733
2.64935 0.274559 0.0290439 0.0109626
2.65335 0.331743 0.0316489 0.0119279
2.65734 0.201844 0.0180965 0.00681
2.66134 0.303216 0.0358611 0.0134749
2.66533 0.228868 0.0291108 0.010922
2.66933 0.31485 0.0218804 0.00819696
2.67333 0.155441 0.0159638 0.00597151
2.67732 0.202345 0.020066 0.00749479
2.68132 0.280541 0.0387841 0.0144646
2.68531 0.224589 0.0263039 0.00979545
2.68931 0.177194 0.0180745 0.00672087
2.69331 0.291794 0.0250219 0.00929041
2.6973 0.208497 0.0157695 0.00584641
2.7013 0.239208 0.0185069 0.0068511
2.70529 0.198156 0.0168614 0.00623276
2.70929 0.244699 0.0294471 0.0108689
2.71329 0.191172 0.0163201 0.00601489
2.71728 0.213848 0.0213169 0.00784493
2.72128 0.225351 0.024896 0.00914862
2.72527 0.163848 0.0170398 0.00625251
2.72927 0.293377 0.0276295 0.0101234
2.73327 0.171092 0.0180917 0.00661908
2.73726 0.187876 0.0182637 0.00667225
2.74126 0.191964 0.0199773 0.00728765
2.74525 0.187986 0.0180069 0.00655927
2.74925 0.171703 0.0175299 0.00637624
2.75325 0.245601 0.0263264 0.00956193
2.75724 0.18002 0.0211485 0.00767018
2.76124 0.14024 0.0115133 0.0041696
2.76523 0.183437 0.0182598 0.00660335
2.76923 0.192024 0.0167652 0.00605409
2.77323 0.137986 0.00917789 0.00330946
2.77722 0.257635 0.0240653 0.00866524
2.78122 0.172806 0.0143558 0.00516169
2.78521 0.178567 0.0168832 0.00606172
2.78921 0.208457 0.0125547 0.00450117
2.79321 0.183868 0.0153065 0.0054799
2.7972 0.148848 0.0125584 0.00448961
2.8012 0.241122 0.0177711 0.00634411
2.80519 0.16021 0.0110159 0.00392696
2.80919 0.176503 0.0142096 0.00505825
2.81319 0.158617 0.0127046 0.0045161
2.81718 0.185401 0.0167246 0.00593664
2.82118 0.153527 0.0157603 0.00558641
2.82517 0.168176 0.0178588 0.00632131
2.82917 0.15015 0.010299 0.0036403
2.83317 0.172595 0.0143431 0.00506257
2.83716 0.167926 0.0126808 0.00446954
2.84116 0.182345 0.014485 0.00509829
2.84515 0.151072 0.014409 0.0050644
2.84915 0.150631 0.0123765 0.00434393
2.85315 0.139699 0.0113413 0.00397503
2.85714 0.165892 0.0137698 0.00481942
2.86114 0.193707 0.0185659 0.00648897
2.86513 0.175261 0.0182575 0.00637229
2.86913 0.156102 0.015746 0.00548807
2.87313 0.172776 0.0118783 0.00413428
2.87712 0.174028 0.0133287 0.00463266
2.88112 0.163437 0.0155818 0.00540824
2.88511 0.153016 0.0102493 0.00355249
2.88911 0.133156 0.00922145 0.00319179
2.89311 0.187936 0.0169403 0.00585539
2.8971 0.153367 0.013195 0.00455454
2.9011 0.157164 0.0143462 0.00494509
2.90509 0.137946 0.00987869 0.00340047
2.90909 0.140531 0.0102153 0.00351149
2.91309 0.16499 0.0139139 0.00477635
2.91708 0.173016 0.0158215 0.00542375
2.92108 0.158758 0.0115062 0.00393903
2.92507 0.107044 0.00655044 0.00223941
2.92907 0.173647 0.0144233 0.00492418
2.93307 0.138026 0.00892656 0.00304342
2.93706 0.154018 0.0132734 0.00451929
2.94106 0.144719 0.0143165 0.0048678
2.94505 0.169218 0.0137733 0.00467674
2.94905 0.124429 0.00964907 0.00327192
2.95305 0.147735 0.00971762 0.00329071
2.95704 0.126673 0.00764488 0.00258531
2.96104 0.154429 0.0122228 0.00412786
2.96503 0.117104 0.00850293 0.00286773
2.96903 0.131323 0.0103325 0.0034801
2.97303 0.141002 0.0100757 0.00338904
2.97702 0.1652 0.0126965 0.00426483
2.98102 0.148758 0.00974073 0.00326759
2.98501 0.131172 0.00875918 0.00293438
2.98901 0.14511 0.00944695 0.00316056
2.99301 0.143667 0.0116191 0.00388209
2.997 0.148196 0.0129787 0.00433058
3.001 0.13003 0.0106826 0.00355967
3.005 0.135792 0.0104221 0.00346827
3.00899 0.116483 0.00640666 0.00212917
3.01299 0.144309 0.0115157 0.00382203
3.01698 0.140952 0.0114572 0.00379757
3.02098 0.116613 0.00854616 0.00282894
3.02498 0.141513 0.00983743 0.00325207
3.02897 0.112926 0.00807689 0.00266654
3.03297 0.132505 0.00856212 0.00282302
3.03696 0.106934 0.00619924 0.00204126
3.04096 0.150341 0.00907984 0.00298585
3.04496 0.128156 0.00854566 0.0028065
3.04895 0.126152 0.00811024 0.00266001
3.05295 0.157876 0.0123466 0.00404416
3.05694 0.150772 0.0120946 0.00395645
3.06094 0.135371 0.00828427 0.00270645
3.06494 0.115922 0.00772998 0.00252207
3.06893 0.152585 0.0123891 0.00403693
3.07293 0.140571 0.00894509 0.00291094
3.07692 0.131433 0.0092035 0.00299114
3.08092 0.126814 0.00973565 0.00315998
3.08492 0.128898 0.0104581 0.00339007
3.08891 0.131253 0.0108187 0.00350244
3.09291 0.122425 0.0080668 0.00260816
3.0969 0.113547 0.00654827 0.00211446
3.1009 0.130691 0.0106198 0.00342475
3.1049 0.11017 0.00637511 0.00205325
3.10889 0.134048 0.00822434 0.00264543
3.11289 0.119549 0.00734919 0.00236089
3.11688 0.132455 0.0113782 0.0036505
3.12088 0.110261 0.00621672 0.00199198
3.12488 0.122916 0.00823587 0.00263558
3.12887 0.12481 0.00953636 0.00304786
3.13287 0.132786 0.00796837 0.00254347
3.13686 0.120882 0.00737231 0.00235022
3.14086 0.114459 0.0071744 0.00228422
3.14486 0.130331 0.00792504 0.00252
3.14885 0.141493 0.0130051 0.0041301
3.15285 0.11481 0.00789161 0.00250301
3.15684 0.116373 0.00744554 0.00235854
3.16084 0.121944 0.00836415 0.00264618
3.16484 0.133287 0.00854203 0.00269904
3.16883 0.133437 0.0105208 0.00332008
3.17283 0.117425 0.00748725 0.0023598
3.17682 0.129439 0.00869565 0.00273722
3.18082 0.118056 0.00812898 0.00255562
3.18482 0.124589 0.00949964 0.00298279
3.18881 0.136844 0.0096962 0.00304069
3.19281 0.118216 0.00624491 0.00195593
3.1968 0.121693 0.00662483 0.00207233
3.2008 0.122395 0.0082118 0.00256555
3.2048 0.109689 0.00628364 0.0019607
3.20879 0.125601 0.00836724 0.0026076
3.21279 0.117094 0.00643768 0.00200377
3.21678 0.121012 0.00670952 0.00208579
3.22078 0.12987 0.00868763 0.00269737
3.22478 0.122184 0.00747146 0.00231689
3.22877 0.130311 0.00819398 0.0025378
3.23277 0.122515 0.00815504 0.00252262
3.23676 0.12017 0.00738179 0.00228061
3.24076 0.112645 0.00729176 0.00225002
3.24476 0.116403 0.00820283 0.00252803
3.24875 0.130932 0.0112455 0.00346148
3.25275 0.132545 0.00854652 0.00262748
3.25674 0.102756 0.00674335 0.00207058
3.26074 0.0896393 0.00484785 0.00148673
3.26474 0.0948096 0.00565442 0.00173197
3.26873 0.112335 0.00675733 0.00206726
3.27273 0.108727 0.00660847 0.00201925
3.27672 0.105711 0.00717672 0.00219021
3.28072 0.108277 0.00765911 0.00233458
3.28472 0.111964 0.00553444 0.00168491
3.28871 0.113898 0.00608162 0.00184924
3.29271 0.096984 0.00475875 0.00144524
3.2967 0.0975551 0.00560586 0.00170045
3.3007 0.109228 0.00733774 0.00222309
3.3047 0.118768 0.00730091 0.00220925
3.30869 0.0981162 0.00481699 0.00145586
3.31269 0.110822 0.00656259 0.00198105
3.31668 0.111914 0.00689671 0.0020794
3.32068 0.12494 0.0100832 0.00303647
3.32468 0.122956 0.00848657 0.0025526
3.32867 0.137094 0.00923141 0.0027733
3.33267 0.133687 0.00940611 0.0028224
3.33666 0.107385 0.00673932 0.00201978
3.34066 0.108447 0.00608379 0.00182113
3.34466 0.10523 0.00545097 0.00162975
3.34865 0.0954609 0.00510169 0.00152351
3.35265 0.111102 0.00579829 0.00172947
3.35664 0.101864 0.00585314 0.00174375
3.36064 0.0930361 0.00534324 0.00158995
3.36464 0.11505 0.00888871 0.00264181
3.36863 0.093016 0.00556568 0.00165221
3.37263 0.109609 0.00612047 0.00181475
3.37662 0.11019 0.00629084 0.00186306
3.38062 0.0996293 0.00464709 0.00137463
3.38462 0.102475 0.00578821 0.00171015
3.38861 0.104609 0.00512663 0.0015129
3.39261 0.0919238 0.00522431 0.00153991
3.3966 0.0993287 0.00529324 0.00155839
3.4006 0.117094 0.00703192 0.00206785
3.4046 0.102595 0.00628586 0.00184629
3.40859 0.102365 0.00558406 0.00163823
3.41259 0.0927756 0.00451656 0.0013235
3.41658 0.100591 0.00776837 0.00227372
3.42058 0.101824 0.00491274 0.00143623
3.42458 0.100772 0.00478315 0.00139671
3.42857 0.116673 0.00675032 0.00196884
3.43257 0.11005 0.00589804 0.00171826
3.43656 0.116683 0.00761299 0.00221529
3.44056 0.104749 0.00548989 0.00159564
3.44456 0.0948397 0.0046747 0.00135713
3.44855 0.097024 0.00532271 0.00154346
3.45255 0.109649 0.00654396 0.0018954
3.45654 0.106052 0.00631126 0.00182589
3.46054 0.110531 0.00787604 0.00227596
3.46454 0.102816 0.0054563 0.0015749
3.46853 0.102174 0.00553081 0.00159457
3.47253 0.0975952 0.00576732 0.00166084
3.47652 0.106553 0.00553906 0.00159327
3.48052 0.0916533 0.00425942 0.00122379
3.48452 0.0856713 0.00456224 0.00130929
3.48851 0.0996293 0.0055802 0.00159959
3.49251 0.102415 0.00556512 0.00159345
3.4965 0.0995391 0.00521525 0.00149156
3.5005 0.09502 0.0047365 0.00135309
3.5045 0.103417 0.00519636 0.00148277
3.50849 0.108056 0.00680523 0.00193965
3.51249 0.0993888 0.00526492 0.00149891
3.51648 0.102776 0.00573626 0.00163125
3.52048 0.085511 0.00407662 0.00115797
3.52448 0.108036 0.00730592 0.00207291
3.52847 0.0914529 0.0049702 0.0014086
3.53247 0.0885371 0.00416523 0.00117913
3.53646 0.0945892 0.00512807 0.00145006
3.54046 0.101062 0.00636596 0.00179806
3.54446 0.103697 0.00570575 0.00160977
3.54845 0.0896092 0.00390001 0.00109907
3.55245 0.0997595 0.00611978 0.00172269
3.55644 0.098477 0.00514742 0.00144735
3.56044 0.0819639 0.00370295 0.00104003
3.56444 0.0984569 0.00479903 0.00134636
3.56843 0.0933467 0.00495944 0.00138981
3.57243 0.0975952 0.00515215 0.0014422
3.57642 0.0991082 0.00538974 0.00150702
3.58042 0.0983166 0.00551047 0.00153906
3.58442 0.0982866 0.00577659 0.00161159
3.58841 0.106413 0.00548258 0.00152786
3.59241 0.0998597 0.00504363 0.00140397
3.5964 0.0968236 0.00554847 0.00154278
3.6004 0.088507 0.00404561 0.00112366
3.6044 0.0959118 0.00502807 0.00139498
3.60839 0.0930762 0.00578904 0.00160433
3.61239 0.101253 0.00482501 0.00133569
3.61638 0.0835772 0.0034874 0.000964335
3.62038 0.0985972 0.00566674 0.00156523
3.62438 0.0952806 0.00445727 0.0012298
3.62837 0.0847194 0.0041296 0.00113814
3.63237 0.0932766 0.00540931 0.0014892
3.63636 0.0930561 0.00436057 0.00119916
3.64036 0.0794589 0.00364853 0.00100224
3.64436 0.0957214 0.00503304 0.00138105
3.64835 0.100511 0.00494454 0.00135528
3.65235 0.091523 0.00435629 0.00119274
3.65634 0.105762 0.0061825 0.0016909
3.66034 0.0823747 0.00409878 0.00111978
3.66434 0.101343 0.00619559 0.00169078
3.66833 0.101373 0.00541409 0.0014759
3.67233 0.0936273 0.00520681 0.00141785
3.67632 0.0905711 0.00420024 0.00114251
3.68032 0.092485 0.00480926 0.00130675
3.68432 0.0885371 0.00437814 0.00118832
3.68831 0.0894389 0.00435185 0.0011799
3.69231 0.0861122 0.00446395 0.00120899
3.6963 0.0881563 0.00405114 0.001096
3.7003 0.0939479 0.00479764 0.00129656
3.7043 0.0895491 0.00435555 0.00117581
3.70829 0.0941683 0.00508885 0.00137229
3.71229 0.0855611 0.00405517 0.00109237
3.71628 0.0953307 0.00509955 0.00137222
3.72028 0.0905611 0.00455089 0.00122326
3.72428 0.0867134 0.00420383 0.00112876
3.72827 0.0822244 0.00364366 0.000977304
3.73227 0.0881062 0.00452962 0.00121364
3.73626 0.0932064 0.00517304 0.00138455
3.74026 0.0831764 0.00375514 0.00100398
3.74426 0.0957615 0.00509843 0.00136167
3.74825 0.0864529 0.00398561 0.00106333
3.75225 0.0952204 0.00486595 0.00129681
3.75624 0.0807816 0.00364571 0.000970574
3.76024 0.101814 0.00591409 0.0015728
3.76424 0.0798096 0.00364934 0.000969477
3.76823 0.0910922 0.0045194 0.00119934
3.77223 0.0827455 0.00406114 0.00107659
3.77622 0.0894389 0.00465482 0.00123266
3.78022 0.0907715 0.00415347 0.00109874
3.78422 0.0972946 0.00548658 0.00144986
3.78821 0.0943186 0.0054962 0.00145087
3.79221 0.09 0.00397504 0.00104821
3.7962 0.0846894 0.00397505 0.00104711
3.8002 0.0915631 0.00548709 0.00144389
3.8042 0.0866032 0.00400953 0.00105398
3.80819 0.0865731 0.00446924 0.00117359
3.81219 0.0906914 0.00488228 0.0012807
3.81618 0.0860421 0.00444257 0.00116414
3.82018 0.0862024 0.00403151 0.00105532
3.82418 0.0802405 0.00396083 0.00103573
3.82817 0.0718036 0.00295919 0.000773004
3.83217 0.0969539 0.00516569 0.00134798
3.83616 0.0871543 0.00415867 0.00108407
3.84016 0.0938076 0.00385676 0.00100432
3.84416 0.0838677 0.00366812 0.000954207
3.84815 0.0819739 0.00458878 0.00119246
3.85215 0.0917836 0.00407014 0.00105659
3.85614 0.0849499 0.00398305 0.00103291
3.86014 0.0947796 0.00497857 0.00128974
3.86414 0.0837876 0.00374403 0.000968917
3.86813 0.0890281 0.00427865 0.00110613
3.87213 0.0814329 0.0037708 0.000973831
3.87612 0.0860922 0.00407084 0.00105024
3.88012 0.0781764 0.00311235 0.000802127
3.88412 0.0919739 0.00474077 0.00122055
3.88811 0.0825351 0.00401946 0.00103378
3.89211 0.0752204 0.00328346 0.000843619
3.8961 0.0862325 0.00384349 0.000986495
3.9001 0.0894689 0.00486248 0.00124676
3.9041 0.0886874 0.004124 0.00105633
3.90809 0.0813226 0.00385601 0.000986674
3.91209 0.0888978 0.0043001 0.00109918
3.91608 0.0725952 0.00340564 0.000869654
3.92008 0.0927455 0.00541672 0.00138179
3.92408 0.0929559 0.00414014 0.00105506
3.92807 0.0801202 0.00336009 0.000855403
3.93207 0.0834168 0.00343639 0.00087394
3.93606 0.0892786 0.00401859 0.00102097
3.94006 0.0832665 0.00378726 0.00096122
3.94406 0.0825952 0.00314109 0.00079641
3.94805 0.0817335 0.00390815 0.000989893
3.95205 0.0871042 0.00473557 0.00119826
3.95604 0.083477 0.00351539 0.000888612
3.96004 0.0782365 0.00341395 0.000862101
3.96404 0.0780661 0.00296878 0.000748929
3.96803 0.0806613 0.00390411 0.000983891
3.97203 0.0808818 0.00371035 0.000934121
3.97602 0.0816032 0.00385176 0.000968746
3.98002 0.0832665 0.00413973 0.00104013
3.98402 0.0845992 0.00384 0.000963851
3.98801 0.0875451 0.00434701 0.00109002
3.99201 0.0852505 0.00427653 0.00107127
3.996 0.0802505 0.00389603 0.000974982
4 0.0842285 0.00385275 0.000963188
