0 1 0 nan
0.003996 1 0 0
0.00799201 1 0 0
0.011988 1 0 0
0.015984 1 0 0
0.01998 1 0 0
0.023976 1 0 0
0.027972 1 0 0
0.031968 1 0 0
0.035964 1 0 0
0.03996 1 0 0
0.043956 1 0 0
0.047952 1 0 0
0.0519481 1 0 0
0.0559441 1 0 0
0.0599401 1 0 0
0.0639361 1 0 0
0.0679321 1 0 0
0.0719281 1 0 0
0.0759241 1 0 0
0.0799201 1 0 0
0.0839161 1 0 0
0.0879121 1 0 0
0.0919081 1 0 0
0.0959041 1 0 0
0.0999001 1 0 0
0.103896 1 0 0
0.107892 1 0 0
0.111888 1 0 0
0.115884 1 0 0
0.11988 1 0 0
0.123876 1 0 0
0.127872 1 0 0
0.131868 1 0 0
0.135864 1 0 0
0.13986 1 0 0
0.143856 1 0 0
0.147852 1 0 0
0.151848 1 0 0
0.155844 1 0 0
0.15984 1 0 0
0.163836 1 0 0
0.167832 1 0 0
0.171828 1 0 0
0.175824 1 0 0
0.17982 1 0 0
0.183816 1 0 0
0.187812 1 0 0
0.191808 1 0 0
0.195804 1 0 0
0.1998 1 0 0
0.203796 1 0 0
0.207792 1 0 0
0.211788 1 0 0
0.215784 1 0 0
0.21978 1 0 0
0.223776 1 0 0
0.227772 1 0 0
0.231768 1 0 0
0.235764 1 0 0
0.23976 1 0 0
0.243756 1 0 0
0.247752 1 0 0
0.251748 1 0 0
0.255744 1 0 0
0.25974 1 0 0
0.263736 1 0 0
0.267732 1 0 0
0.271728 1 0 0
0.275724 1 0 0
0.27972 1 0 0
0.283716 1 0 0
0.287712 1 0 0
0.291708 1 0 0
0.295704 1 0 0
0.2997 1 0 0
0.303696 1 0 0
0.307692 1 0 0
0.311688 1 0 0
0.315684 1 0 0
0.31968 1 0 0
0.323676 1 0 0
0.327672 1 0 0
0.331668 1 0 0
0.335664 1 0 0
0.33966 1 0 0
0.343656 1 0 0
0.347652 1 0 0
0.351648 1 0 0
0.355644 1 0 0
0.35964 1 0 0
0.363636 1 0 0
0.367632 1 0 0
0.371628 1 0 0
0.375624 1 0 0
0.37962 1 0 0
0.383616 1 0 0
0.387612 1 0 0
0.391608 1 0 0
0.395604 1 0 0
0.3996 1 0 0
0.403596 1 0 0
0.407592 1 0 0
0.411588 1 0 0
0.415584 1 0 0
0.41958 1 0 0
0.423576 1 0 0
0.427572 1 0 0
0.431568 1 0 0
0.435564 1 0 0
0.43956 1 0 0
0.443556 1 0 0
0.447552 1 0 0
0.451548 1 0 0
0.455544 1 0 0
0.45954 1 0 0
0.463536 1 0 0
0.467532 1 0 0
0.471528 1 0 0
0.475524 1 0 0
0.47952 1 0 0
0.483516 1 0 0
0.487512 1 0 0
0.491508 1 0 0
0.495504 1 0 0
0.4995 1 0 0
0.503497 1 0 0
0.507493 1 0 0
0.511489 1 0 0
0.515485 1 0 0
0.519481 0.999987 2.95105e-08 5.68077e-08
0.523477 1 5.91394e-11 1.12974e-10
0.527473 1 1.18572e-13 2.24792e-13
0.531469 1 2.22045e-16 4.17794e-16
0.535465 1 0 0
0.539461 0.999996 9.8765e-09 1.83081e-08
0.543457 1 1.97926e-11 3.64199e-11
0.547453 1 3.9746e-14 7.26017e-14
0.551449 1 2.22045e-16 4.02657e-16
0.555445 0.999991 1.97133e-08 3.54911e-08
0.559441 1 3.95057e-11 7.06165e-11
0.563437 1 7.92699e-14 1.4069e-13
0.567433 1 2.22045e-16 3.91315e-16
0.571429 1 0 0
0.575425 1 0 0
0.579421 1 0 0
0.583417 1 0 0
0.587413 0.999996 9.8765e-09 1.68136e-08
0.591409 0.999987 2.95303e-08 4.99322e-08
0.595405 1 5.91791e-11 9.93931e-11
0.599401 0.999987 2.95106e-08 4.92336e-08
0.603397 1 5.91396e-11 9.80111e-11
0.607393 1 1.18572e-13 1.95214e-13
0.611389 0.999996 9.8765e-09 1.61542e-08
0.615385 1 1.97926e-11 3.2163e-11
0.619381 0.999991 1.97134e-08 3.18276e-08
0.623377 1 3.95057e-11 6.33738e-11
0.627373 0.999996 9.87658e-09 1.57428e-08
0.631369 1 1.97928e-11 3.13491e-11
0.635365 0.999996 9.87654e-09 1.55447e-08
0.639361 0.999991 1.97331e-08 3.08639e-08
0.643357 0.999991 1.97529e-08 3.07029e-08
0.647353 1 3.9585e-11 6.11491e-11
0.651349 1 7.92699e-14 1.21701e-13
0.655345 1 2.22045e-16 3.38821e-16
0.659341 0.999978 4.89859e-08 7.42952e-08
0.663337 0.99996 8.75588e-08 1.31997e-07
0.667333 0.999991 1.98888e-08 2.98034e-08
0.671329 0.99996 8.75005e-08 1.30339e-07
0.675325 0.999996 1.00519e-08 1.48845e-08
0.679321 0.999991 1.97335e-08 2.90489e-08
0.683317 0.999987 2.95501e-08 4.3245e-08
0.687313 0.999982 3.93272e-08 5.72189e-08
0.691309 0.999978 4.90647e-08 7.09736e-08
0.695305 0.999978 4.90842e-08 7.05938e-08
0.699301 0.999991 1.98117e-08 2.83307e-08
0.703297 0.999938 1.34701e-07 1.91528e-07
0.707293 0.999973 5.8934e-08 8.33233e-08
0.711289 0.999991 1.98314e-08 2.7881e-08
0.715285 0.999947 1.1594e-07 1.62089e-07
0.719281 0.999991 1.99457e-08 2.773e-08
0.723277 0.999982 3.9308e-08 5.43471e-08
0.727273 0.999973 5.87428e-08 8.07714e-08
0.731269 0.999929 1.53382e-07 2.09748e-07
0.735265 0.999973 5.89714e-08 8.02043e-08
0.739261 0.99996 8.75788e-08 1.18468e-07
0.743257 0.999938 1.34837e-07 1.81414e-07
0.747253 0.99996 8.77308e-08 1.17404e-07
0.751249 0.999947 1.35869e-07 1.80857e-07
0.755245 0.99996 8.77329e-08 1.16165e-07
0.759241 0.999973 5.88399e-08 7.74983e-08
0.763237 0.99996 8.75785e-08 1.14746e-07
0.767233 0.999978 4.91614e-08 6.40762e-08
0.771229 0.999955 9.70786e-08 1.25875e-07
0.775225 0.999942 1.25495e-07 1.61882e-07
0.779221 0.99992 1.7196e-07 2.20682e-07
0.783217 0.999978 4.93305e-08 6.29845e-08
0.787213 0.999906 2.18969e-07 2.78157e-07
0.791209 0.999906 2.19308e-07 2.77182e-07
0.795205 0.99988 2.53183e-07 3.18387e-07
0.799201 0.999942 1.25808e-07 1.57417e-07
0.803197 0.999915 2.20708e-07 2.74787e-07
0.807193 0.999929 1.73499e-07 2.14942e-07
0.811189 0.999862 3.07868e-07 3.79527e-07
0.815185 0.999933 1.64392e-07 2.01663e-07
0.819181 0.999884 2.44228e-07 2.98136e-07
0.823177 0.999871 3.1039e-07 3.77063e-07
0.827173 0.999857 3.16789e-07 3.82978e-07
0.831169 0.999906 2.39297e-07 2.87904e-07
0.835165 0.999857 2.96854e-07 3.55444e-07
0.839161 0.999875 3.01729e-07 3.59561e-07
0.843157 0.999795 4.33664e-07 5.14333e-07
0.847153 0.999889 2.9526e-07 3.48532e-07
0.851149 0.999902 2.48298e-07 2.91721e-07
0.855145 0.999791 4.81194e-07 5.62704e-07
0.859141 0.999835 3.59771e-07 4.18757e-07
0.863137 0.999804 5.1652e-07 5.98422e-07
0.867133 0.999742 9.23953e-07 1.06553e-06
0.871129 0.999817 4.13849e-07 4.75072e-07
0.875125 0.999817 4.12826e-07 4.71734e-07
0.879121 0.999751 6.31377e-07 7.18191e-07
0.883117 0.999768 5.01833e-07 5.68253e-07
0.887113 0.999742 5.87448e-07 6.62202e-07
0.891109 0.999786 5.29471e-07 5.94171e-07
0.895105 0.999711 6.19909e-07 6.92555e-07
0.899101 0.999737 6.74431e-07 7.50117e-07
0.903097 0.999773 5.33651e-07 5.90913e-07
0.907093 0.999755 5.05168e-07 5.56909e-07
0.911089 0.999679 7.29494e-07 8.00683e-07
0.915085 0.999648 8.37633e-07 9.15361e-07
0.919081 0.999702 6.35084e-07 6.90999e-07
0.923077 0.999662 8.36769e-07 9.065e-07
0.927073 0.999751 5.33263e-07 5.75211e-07
0.931069 0.999675 7.36571e-07 7.91102e-07
0.935065 0.999666 7.70693e-07 8.24213e-07
0.939061 0.999693 8.07689e-07 8.60103e-07
0.943057 0.999608 8.57463e-07 9.09238e-07
0.947053 0.999523 1.0117e-06 1.06826e-06
0.951049 0.999537 1.07404e-06 1.12933e-06
0.955045 0.999443 1.2262e-06 1.28392e-06
0.959041 0.999555 9.52109e-07 9.92772e-07
0.963037 0.999377 1.39453e-06 1.44806e-06
0.967033 0.999457 1.11289e-06 1.15083e-06
0.971029 0.999359 1.51088e-06 1.55595e-06
0.975025 0.999457 1.23188e-06 1.26343e-06
0.979021 0.999443 1.18694e-06 1.21237e-06
0.983017 0.999314 1.68944e-06 1.71862e-06
0.987013 0.999354 1.53599e-06 1.5562e-06
0.991009 0.999279 1.85772e-06 1.87457e-06
0.995005 0.999265 1.5915e-06 1.59949e-06
0.999001 0.999158 2.11521e-06 2.11733e-06
1.003 0.999345 1.48567e-06 1.48124e-06
1.00699 0.999198 1.97304e-06 1.95934e-06
1.01099 0.999221 2.11808e-06 2.09506e-06
1.01499 0.99935 1.58056e-06 1.55722e-06
1.01898 0.999172 2.00885e-06 1.97143e-06
1.02298 0.998985 2.31802e-06 2.26596e-06
1.02697 0.999029 2.09041e-06 2.03551e-06
1.03097 0.998909 2.4655e-06 2.39144e-06
1.03497 0.999038 2.26626e-06 2.1897e-06
1.03896 0.999109 2.08119e-06 2.00314e-06
1.04296 0.999051 2.30091e-06 2.20614e-06
1.04695 0.999043 2.10624e-06 2.01178e-06
1.05095 0.999002 2.35408e-06 2.23995e-06
1.05495 0.998873 3.07976e-06 2.91936e-06
1.05894 0.998735 3.45371e-06 3.26147e-06
1.06294 0.998864 2.68575e-06 2.52673e-06
1.06693 0.998544 4.03035e-06 3.77751e-06
1.07093 0.998918 2.42937e-06 2.26847e-06
1.07493 0.998726 3.1329e-06 2.91453e-06
1.07892 0.998896 2.78463e-06 2.58094e-06
1.08292 0.998584 3.42325e-06 3.16114e-06
1.08691 0.998709 3.46526e-06 3.18817e-06
1.09091 0.998544 3.49751e-06 3.20606e-06
1.09491 0.998566 3.9281e-06 3.58762e-06
1.0989 0.998361 4.13078e-06 3.75901e-06
1.1029 0.998637 3.1588e-06 2.8641e-06
1.10689 0.998397 4.28432e-06 3.87059e-06
1.11089 0.99841 3.8839e-06 3.49621e-06
1.11489 0.998147 4.80943e-06 4.31383e-06
1.11888 0.998005 5.787e-06 5.17213e-06
1.12288 0.998259 4.64927e-06 4.1405e-06
1.12687 0.998299 4.18129e-06 3.71052e-06
1.13087 0.998072 4.96912e-06 4.39407e-06
1.13487 0.997778 5.47274e-06 4.82237e-06
1.13886 0.997756 5.02791e-06 4.41486e-06
1.14286 0.998032 4.58702e-06 4.01364e-06
1.14685 0.997751 6.87654e-06 5.996e-06
1.15085 0.997644 5.77539e-06 5.01837e-06
1.15485 0.998085 4.85542e-06 4.20439e-06
1.15884 0.997978 4.43282e-06 3.82522e-06
1.16284 0.997836 5.30007e-06 4.55788e-06
1.16683 0.99772 5.81642e-06 4.98479e-06
1.17083 0.997479 6.16722e-06 5.26739e-06
1.17483 0.997528 6.44216e-06 5.48351e-06
1.17882 0.997769 5.43602e-06 4.61141e-06
1.18282 0.997417 6.91707e-06 5.84796e-06
1.18681 0.997368 6.71406e-06 5.65722e-06
1.19081 0.997177 6.41121e-06 5.38391e-06
1.19481 0.997257 6.99538e-06 5.85483e-06
1.1988 0.996967 7.57105e-06 6.31552e-06
1.2028 0.99674 8.44887e-06 7.02435e-06
1.20679 0.997074 7.63683e-06 6.3282e-06
1.21079 0.99686 8.06061e-06 6.65732e-06
1.21479 0.996825 9.75637e-06 8.03135e-06
1.21878 0.996607 8.31649e-06 6.82361e-06
1.22278 0.996464 1.02356e-05 8.37081e-06
1.22677 0.996607 9.40605e-06 7.66731e-06
1.23077 0.996522 9.36726e-06 7.6109e-06
1.23477 0.996486 8.97954e-06 7.27226e-06
1.23876 0.995867 9.91612e-06 8.00486e-06
1.24276 0.996179 9.62646e-06 7.74605e-06
1.24675 0.996005 1.27713e-05 1.02436e-05
1.25075 0.99625 9.93411e-06 7.94252e-06
1.25475 0.995551 1.26575e-05 1.00877e-05
1.25874 0.995654 1.34748e-05 1.0705e-05
1.26274 0.995912 1.08652e-05 8.6045e-06
1.26673 0.995551 1.32927e-05 1.04937e-05
1.27073 0.99568 1.17877e-05 9.27635e-06
1.27473 0.995703 1.32928e-05 1.0428e-05
1.27872 0.996077 1.15219e-05 9.01048e-06
1.28272 0.995698 1.06314e-05 8.28822e-06
1.28671 0.99495 1.57459e-05 1.22373e-05
1.29071 0.994954 1.35151e-05 1.04711e-05
1.29471 0.994919 1.4852e-05 1.14713e-05
1.2987 0.994754 1.41921e-05 1.09279e-05
1.3027 0.99495 1.40113e-05 1.07556e-05
1.30669 0.994429 1.486e-05 1.13722e-05
1.31069 0.994879 1.46536e-05 1.11801e-05
1.31469 0.994892 1.55123e-05 1.17992e-05
1.31868 0.994286 1.68373e-05 1.27683e-05
1.32268 0.994117 1.51348e-05 1.14425e-05
1.32667 0.993894 1.80237e-05 1.35856e-05
1.33067 0.994179 1.45803e-05 1.09571e-05
1.33467 0.994264 1.8728e-05 1.4032e-05
1.33866 0.994384 1.51234e-05 1.12974e-05
1.34266 0.994041 1.78075e-05 1.32628e-05
1.34665 0.993115 2.32148e-05 1.72389e-05
1.35065 0.993244 2.10386e-05 1.55767e-05
1.35465 0.993552 2.13211e-05 1.57393e-05
1.35864 0.992821 1.86528e-05 1.3729e-05
1.36264 0.993471 2.01178e-05 1.47639e-05
1.36663 0.992505 2.30262e-05 1.68489e-05
1.37063 0.99275 1.8875e-05 1.3771e-05
1.37463 0.992527 2.40992e-05 1.75315e-05
1.37862 0.991815 2.9737e-05 2.15701e-05
1.38262 0.992394 1.90782e-05 1.37986e-05
1.38661 0.99177 2.42853e-05 1.75141e-05
1.39061 0.991962 2.76188e-05 1.98609e-05
1.39461 0.991271 2.54434e-05 1.82442e-05
1.3986 0.992701 2.13043e-05 1.52326e-05
1.4026 0.990937 2.70988e-05 1.93204e-05
1.40659 0.991739 2.17783e-05 1.5483e-05
1.41059 0.990853 2.85378e-05 2.02311e-05
1.41459 0.990764 2.45784e-05 1.7375e-05
1.41858 0.990768 2.73544e-05 1.92829e-05
1.42258 0.99088 2.45243e-05 1.72394e-05
1.42657 0.99043 3.00161e-05 2.10407e-05
1.43057 0.989695 3.53638e-05 2.47201e-05
1.43457 0.990773 2.6142e-05 1.8223e-05
1.43856 0.990425 3.0993e-05 2.15445e-05
1.44256 0.989673 3.1314e-05 2.17073e-05
1.44655 0.989263 3.36891e-05 2.32892e-05
1.45055 0.990479 3.07025e-05 2.11661e-05
1.45455 0.988982 3.45613e-05 2.37609e-05
1.45854 0.988444 4.0723e-05 2.79204e-05
1.46254 0.989704 3.14321e-05 2.14915e-05
1.46653 0.988835 3.46379e-05 2.36189e-05
1.47053 0.987709 3.71042e-05 2.52318e-05
1.47453 0.987744 3.74294e-05 2.53841e-05
1.47852 0.988038 3.82342e-05 2.58598e-05
1.48252 0.987923 4.93864e-05 3.33125e-05
1.48651 0.988003 4.49258e-05 3.02223e-05
1.49051 0.988123 3.64562e-05 2.44589e-05
1.49451 0.987188 3.86051e-05 2.58314e-05
1.4985 0.986889 4.35717e-05 2.90768e-05
1.5025 0.987023 3.92291e-05 2.61092e-05
1.50649 0.986155 3.99658e-05 2.6529e-05
1.51049 0.986368 4.16249e-05 2.75573e-05
1.51449 0.985985 4.31531e-05 2.84936e-05
1.51848 0.985798 4.19361e-05 2.76171e-05
1.52248 0.985357 4.21908e-05 2.77119e-05
1.52647 0.985758 4.70981e-05 3.08542e-05
1.53047 0.985558 4.37446e-05 2.85825e-05
1.53447 0.984627 4.88927e-05 3.1863e-05
1.53846 0.983385 5.63931e-05 3.66555e-05
1.54246 0.984213 5.27673e-05 3.42099e-05
1.54645 0.985019 4.41806e-05 2.8569e-05
1.55045 0.984395 4.53421e-05 2.92445e-05
1.55445 0.985019 4.35125e-05 2.79923e-05
1.55844 0.982293 5.80944e-05 3.72773e-05
1.56244 0.982521 6.86189e-05 4.39178e-05
1.56643 0.980904 7.51954e-05 4.80042e-05
1.57043 0.983269 5.28816e-05 3.36733e-05
1.57443 0.981251 6.31532e-05 4.01119e-05
1.57842 0.982868 4.91814e-05 3.11586e-05
1.58242 0.982231 6.19308e-05 3.91368e-05
1.58641 0.981643 6.86872e-05 4.32972e-05
1.59041 0.981064 6.50628e-05 4.09095e-05
1.59441 0.97845 8.59643e-05 5.39162e-05
1.5984 0.979568 7.42577e-05 4.64575e-05
1.6024 0.979875 6.97639e-05 4.35372e-05
1.60639 0.98008 7.01005e-05 4.36384e-05
1.61039 0.978459 7.73526e-05 4.80334e-05
1.61439 0.978352 7.72638e-05 4.78596e-05
1.61838 0.979875 7.87558e-05 4.86633e-05
1.62238 0.978054 7.06029e-05 4.35182e-05
1.62637 0.976981 0.000100815 6.19875e-05
1.63037 0.97813 7.44294e-05 4.56519e-05
1.63437 0.974407 0.000126591 7.74556e-05
1.63836 0.974741 9.0329e-05 5.51338e-05
1.64236 0.976491 9.14809e-05 5.5701e-05
1.64635 0.975939 9.45269e-05 5.74159e-05
1.65035 0.977168 8.63013e-05 5.22927e-05
1.65435 0.977355 7.99069e-05 4.83012e-05
1.65834 0.974687 9.65781e-05 5.82378e-05
1.66234 0.973427 0.000102919 6.1912e-05
1.66633 0.97491 9.18549e-05 5.51239e-05
1.67033 0.973258 9.59056e-05 5.74172e-05
1.67433 0.972915 0.000118654 7.08669e-05
1.67832 0.971218 0.000120625 7.18725e-05
1.68232 0.974015 9.51881e-05 5.65815e-05
1.68631 0.971151 0.000131543 7.80064e-05
1.69031 0.973681 8.50139e-05 5.02949e-05
1.69431 0.971824 0.000104148 6.14695e-05
1.6983 0.971245 0.000111089 6.54119e-05
1.7023 0.970082 0.000133606 7.84857e-05
1.70629 0.970741 0.000112009 6.56447e-05
1.71029 0.97039 0.000107435 6.28171e-05
1.71429 0.969753 0.000119749 6.98536e-05
1.71828 0.969766 0.000121601 7.07689e-05
1.72228 0.966805 0.000152143 8.83384e-05
1.72627 0.965224 0.000164541 9.53156e-05
1.73027 0.96733 0.000153213 8.85488e-05
1.73427 0.965255 0.000168976 9.7434e-05
1.73826 0.966698 0.000132919 7.64665e-05
1.74226 0.966711 0.000132954 7.63116e-05
1.74625 0.964431 0.000183655 0.000105171
1.75025 0.962819 0.000195484 0.000111689
1.75425 0.963233 0.00015208 8.66926e-05
1.75824 0.963385 0.000231528 0.000131681
1.76224 0.964516 0.000158147 8.97422e-05
1.76623 0.961309 0.000205634 0.000116425
1.77023 0.962057 0.000177717 0.000100392
1.77423 0.960975 0.000175253 9.87771e-05
1.77822 0.96265 0.000171573 9.64857e-05
1.78222 0.961153 0.000169141 9.4905e-05
1.78621 0.960811 0.000186406 0.000104358
1.79021 0.958584 0.000224242 0.00012526
1.79421 0.958187 0.000255726 0.000142529
1.7982 0.957622 0.000205174 0.0001141
1.8022 0.958241 0.000182091 0.000101038
1.80619 0.954139 0.000285709 0.000158183
1.81019 0.95633 0.000247955 0.000136977
1.81419 0.954937 0.000238091 0.000131238
1.81818 0.957715 0.000179973 9.89851e-05
1.82218 0.955551 0.000224305 0.000123097
1.82617 0.953886 0.000238409 0.000130551
1.83017 0.957185 0.000200379 0.000109487
1.83417 0.951227 0.000278653 0.000151924
1.83816 0.954429 0.000234456 0.000127549
1.84216 0.950354 0.000268325 0.000145658
1.84615 0.952447 0.000222885 0.000120729
1.85015 0.949548 0.00027616 0.000149263
1.85415 0.947148 0.000292858 0.000157948
1.85814 0.948889 0.000320832 0.000172663
1.86214 0.949009 0.000290067 0.000155771
1.86613 0.944186 0.000445394 0.000238672
1.87013 0.947348 0.000298892 0.000159824
1.87413 0.948666 0.000293837 0.000156786
1.87812 0.943358 0.000356765 0.000189958
1.88212 0.9387 0.000551675 0.000293114
1.88611 0.946079 0.000243992 0.000129362
1.89011 0.940517 0.000340597 0.000180199
1.89411 0.940917 0.000317414 0.00016758
1.8981 0.939822 0.000414924 0.0002186
1.9021 0.941296 0.000300505 0.000157986
1.90609 0.941229 0.000313201 0.000164316
1.91009 0.940664 0.000371152 0.000194311
1.91409 0.935164 0.000506926 0.00026484
1.91808 0.935738 0.00042796 0.000223119
1.92208 0.938263 0.0003302 0.000171793
1.92607 0.935373 0.000446666 0.000231905
1.93007 0.928452 0.000621304 0.000321907
1.93407 0.931913 0.000568039 0.000293702
1.93806 0.930069 0.000610795 0.000315158
1.94206 0.933298 0.00036139 0.000186086
1.94605 0.931303 0.000465608 0.000239257
1.95005 0.928372 0.000520006 0.000266663
1.95405 0.928542 0.000477964 0.000244602
1.95804 0.92933 0.000382257 0.000195224
1.96204 0.926475 0.00057823 0.000294709
1.96603 0.92705 0.000438965 0.000223274
1.97003 0.923906 0.000409734 0.000207983
1.97403 0.920935 0.000476574 0.000241422
1.97802 0.91976 0.000651106 0.00032917
1.98202 0.918294 0.000616788 0.000311192
1.98601 0.918682 0.000768444 0.000386928
1.99001 0.916219 0.00080111 0.000402566
1.99401 0.916411 0.000520452 0.000261008
1.998 0.912692 0.00082084 0.00041083
2.002 0.914358 0.000838717 0.00041894
2.00599 0.917542 0.000642007 0.000320044
2.00999 0.914295 0.000605324 0.000301158
2.01399 0.918357 0.000475328 0.000236014
2.01798 0.903046 0.00135897 0.000673431
2.02198 0.908061 0.000748835 0.000370348
2.02597 0.911699 0.000648633 0.000320158
2.02997 0.905807 0.000887817 0.000437355
2.03397 0.911227 0.000650411 0.000319775
2.03796 0.904226 0.000668714 0.000328129
2.04196 0.908737 0.000553454 0.000271041
2.04595 0.901029 0.000663016 0.000324062
2.04995 0.890136 0.000955483 0.000466101
2.05395 0.888533 0.00123897 0.000603214
2.05794 0.895155 0.00100353 0.00048764
2.06194 0.896967 0.000992591 0.000481387
2.06593 0.889904 0.000884266 0.000428022
2.06993 0.891374 0.00126947 0.000613293
2.07393 0.892287 0.00105037 0.000506465
2.07792 0.874554 0.00185863 0.000894467
2.08192 0.889361 0.00123698 0.000594155
2.08591 0.891022 0.00109843 0.000526594
2.08991 0.887566 0.00122173 0.000584584
2.09391 0.876638 0.00170158 0.000812633
2.0979 0.880503 0.00116525 0.000555438
2.1019 0.881732 0.000855159 0.000406851
2.10589 0.87006 0.00162557 0.000771913
2.10989 0.880891 0.00103918 0.00049253
2.11389 0.878205 0.000878636 0.00041565
2.11788 0.859038 0.00196985 0.000930104
2.12188 0.86892 0.00139158 0.000655825
2.12587 0.864952 0.00184446 0.000867623
2.12987 0.855587 0.00252587 0.00118592
2.13387 0.858383 0.00152263 0.000713557
2.13786 0.854246 0.00198401 0.000928034
2.14186 0.847295 0.00331487 0.00154766
2.14585 0.832318 0.00625693 0.00291582
2.14985 0.845954 0.0015254 0.000709537
2.15385 0.862841 0.00144638 0.000671534
2.15784 0.855556 0.00223541 0.00103595
2.16184 0.847882 0.00216206 0.0010001
2.16583 0.819234 0.00307802 0.00142117
2.16983 0.847651 0.00186192 0.000858095
2.17383 0.840143 0.00267018 0.00122833
2.17782 0.837787 0.00239652 0.00110042
2.18182 0.829446 0.00379238 0.00173818
2.18581 0.833774 0.00206092 0.000942864
2.18981 0.808274 0.00485794 0.00221843
2.19381 0.81996 0.00473621 0.0021589
2.1978 0.798566 0.00606241 0.0027584
2.2018 0.815466 0.00397644 0.00180599
2.20579 0.827798 0.00268234 0.00121604
2.20979 0.815783 0.00250071 0.00113165
2.21379 0.795119 0.00357245 0.00161373
2.21778 0.768933 0.0109562 0.00494018
2.22178 0.823055 0.00209663 0.000943674
2.22577 0.790185 0.00711077 0.00319474
2.22977 0.817012 0.00218739 0.000980995
2.23377 0.791084 0.0061492 0.00275284
2.23776 0.736954 0.00619061 0.00276643
2.24176 0.714518 0.0105491 0.00470572
2.24575 0.799849 0.00506229 0.00225416
2.24975 0.781332 0.0048451 0.00215362
2.25375 0.784658 0.00316109 0.00140259
2.25774 0.731503 0.0094132 0.0041693
2.26174 0.805927 0.00418147 0.00184879
2.26573 0.715809 0.00976287 0.00430892
2.26973 0.592002 0.0569396 0.0250865
2.27373 0.738009 0.010915 0.0048005
2.27772 0.313761 0.0300863 0.0132089
2.28172 0.705647 0.0123975 0.0054334
2.28571 0.730875 0.00739367 0.00323473
2.28971 0.664868 0.0167033 0.00729492
2.29371 0.688635 0.00648672 0.00282805
2.2977 0.760009 0.0048074 0.00209226
2.3017 0.759136 0.00345291 0.00150016
2.30569 0.72464 0.0136035 0.00589997
2.30969 0.697132 0.0053015 0.00229533
2.31369 0.726912 0.00437892 0.00189261
2.31768 0.723799 0.00630254 0.00271933
2.32168 0.585607 0.0329946 0.0142116
2.32567 0.603175 0.0129674 0.00557576
2.32967 0.679105 0.0123982 0.00532188
2.33367 0.617435 0.0140099 0.00600337
2.33766 0.683393 0.00568041 0.00242995
2.34166 0.663785 0.00666396 0.00284583
2.34565 0.491138 0.067012 0.0285686
2.34965 0.651022 0.0110005 0.00468178
2.35365 0.378771 0.0525819 0.0223406
2.35764 0.647758 0.0103661 0.00439679
2.36164 0.555662 0.017009 0.00720218
2.36563 0.293031 0.021367 0.00903226
2.36963 0.340094 0.0478555 0.0201954
2.37363 0.463442 0.0288386 0.0121496
2.37762 0.277132 0.021017 0.00883951
2.38162 0.628225 0.00998844 0.00419397
2.38561 0.600975 0.00895529 0.00375387
2.38961 0.523046 0.0199957 0.00836777
2.39361 0.560107 0.0282232 0.0117911
2.3976 0.527633 0.0167418 0.00698272
2.4016 0.516139 0.0238923 0.0099485
2.40559 0.457154 0.0380013 0.0157971
2.40959 0.54688 0.0353413 0.0146669
2.41359 0.386275 0.0148406 0.00614878
2.41758 0.472171 0.0277248 0.011468
2.42158 0.495533 0.0206222 0.00851602
2.42557 0.30672 0.0389341 0.0160515
2.42957 0.257871 0.0442876 0.0182286
2.43357 0.266974 0.0243136 0.00999093
2.43756 0.192354 0.0212396 0.00871348
2.44156 0.433013 0.0202514 0.00829444
2.44555 0.532554 0.0210368 0.00860204
2.44955 0.360111 0.0207423 0.00846778
2.45355 0.403198 0.0285401 0.0116322
2.45754 0.51373 0.0145652 0.00592674
2.46154 0.455876 0.0198555 0.00806629
2.46553 0.240797 0.0260207 0.0105538
2.46953 0.46489 0.031152 0.0126145
2.47353 0.38554 0.0179011 0.00723707
2.47752 0.324912 0.0415893 0.0167866
2.48152 0.227442 0.0258619 0.0104218
2.48551 0.300561 0.0256759 0.0103302
2.48951 0.340975 0.0172865 0.00694375
2.49351 0.213231 0.0203137 0.00814662
2.4975 0.333939 0.0201182 0.00805532
2.5015 0.116206 0.0101901 0.00407359
2.50549 0.274888 0.0257184 0.0102648
2.50949 0.238348 0.0222513 0.00886686
2.51349 0.266221 0.033208 0.0132119
2.51748 0.304271 0.0208915 0.00829856
2.52148 0.403469 0.0258264 0.0102426
2.52547 0.206533 0.020494 0.00811491
2.52947 0.24937 0.0298204 0.0117892
2.53347 0.229628 0.0157088 0.00620053
2.53746 0.233329 0.0205496 0.00809847
2.54146 0.214674 0.0194889 0.00766841
2.54545 0.224569 0.0186667 0.00733334
2.54945 0.314331 0.0253407 0.00993965
2.55345 0.189748 0.0227604 0.0089136
2.55744 0.225682 0.0144933 0.00566712
2.56144 0.227531 0.015546 0.00606923
2.56543 0.216847 0.0154983 0.00604118
2.56943 0.163549 0.0131657 0.00512398
2.57343 0.192683 0.00898636 0.00349198
2.57742 0.260067 0.0245103 0.00950962
2.58142 0.201715 0.0153085 0.00593027
2.58541 0.210127 0.0217448 0.00841058
2.58941 0.19092 0.0179237 0.00692194
2.59341 0.126101 0.00827443 0.00319056
2.5974 0.272652 0.0211037 0.00812491
2.6014 0.120695 0.00882354 0.00339184
2.60539 0.159283 0.0140888 0.00540753
2.60939 0.17242 0.0213328 0.00817538
2.61339 0.153342 0.0102478 0.00392126
2.61738 0.165482 0.0102184 0.00390404
2.62138 0.199198 0.0241757 0.00922251
2.62537 0.229112 0.0236544 0.0090099
2.62937 0.201047 0.0239916 0.00912448
2.63337 0.118807 0.0104429 0.00396561
2.63736 0.161278 0.0118133 0.00447923
2.64136 0.183037 0.0139724 0.00528985
2.64535 0.0992875 0.00534996 0.0020224
2.64935 0.219586 0.00969066 0.00365775
2.65335 0.168381 0.0206453 0.00778086
2.65734 0.221505 0.0144832 0.00545025
2.66134 0.133716 0.00874816 0.00328713
2.66533 0.133961 0.00721657 0.00270757
2.66933 0.182743 0.0115729 0.00433549
2.67333 0.150421 0.0126495 0.00473173
2.67732 0.161078 0.0136964 0.0051157
2.68132 0.154059 0.00975847 0.00363943
2.68531 0.139056 0.00920086 0.00342636
2.68931 0.141532 0.00920427 0.00342254
2.69331 0.22033 0.0124819 0.00463441
2.6973 0.134701 0.00804762 0.00298358
2.7013 0.166065 0.0109026 0.00403606
2.70529 0.126204 0.0112826 0.00417055
2.70929 0.145491 0.00882343 0.00325673
2.71329 0.121332 0.00608156 0.0022414
2.71728 0.157043 0.00807852 0.00297301
2.72128 0.168586 0.0105804 0.00388803
2.72527 0.0958005 0.00433439 0.00159044
2.72927 0.184195 0.0107981 0.00395642
2.73327 0.0899577 0.0050668 0.00185375
2.73726 0.168292 0.0103746 0.00379015
2.74126 0.105531 0.00631896 0.00230513
2.74525 0.130416 0.00642425 0.00234013
2.74925 0.155551 0.00765351 0.00278385
2.75325 0.123883 0.00831449 0.00301988
2.75724 0.121648 0.00687512 0.00249348
2.76124 0.147967 0.0118033 0.00427464
2.76523 0.130813 0.00860021 0.00311012
2.76923 0.173124 0.0127141 0.00459122
2.77323 0.11136 0.00567745 0.00204724
2.77722 0.115618 0.00808686 0.00291185
2.78122 0.0946159 0.0043966 0.00158082
2.78521 0.116553 0.00651949 0.00234075
2.78921 0.111182 0.00527215 0.00189019
2.79321 0.105197 0.00646976 0.00231625
2.7972 0.126155 0.00757413 0.00270775
2.8012 0.125313 0.00968852 0.0034587
2.80519 0.107482 0.00608862 0.00217048
2.80919 0.105945 0.0047197 0.00168009
2.81319 0.116241 0.00597921 0.00212542
2.81718 0.106426 0.00604034 0.00214411
2.82118 0.111931 0.00655822 0.00232464
2.82517 0.149512 0.00780376 0.00276222
2.82917 0.128577 0.00753278 0.00266254
2.83317 0.117275 0.00647526 0.00228552
2.83716 0.154015 0.0111865 0.00394286
2.84116 0.143866 0.0100292 0.00352997
2.84515 0.110176 0.0064237 0.00225777
2.84915 0.155248 0.00562955 0.00197587
2.85315 0.0920107 0.00378733 0.00132742
2.85714 0.115128 0.00527531 0.00184636
2.86114 0.107415 0.0056417 0.00197184
2.86513 0.125936 0.00636826 0.00222267
2.86913 0.088163 0.0034133 0.00118966
2.87313 0.108564 0.00639238 0.00222488
2.87712 0.10371 0.00602801 0.00209515
2.88112 0.0950301 0.00453758 0.00157494
2.88511 0.0827967 0.00337167 0.00116864
2.88911 0.119653 0.00543092 0.00187979
2.89311 0.106146 0.00615619 0.00212788
2.8971 0.124974 0.00803269 0.00277266
2.9011 0.114754 0.0070293 0.00242298
2.90509 0.110737 0.0068561 0.00236002
2.90909 0.113823 0.00606507 0.00208487
2.91309 0.106907 0.00642807 0.00220662
2.91708 0.0944378 0.00540317 0.00185225
2.92108 0.103554 0.00520712 0.0017826
2.92507 0.079568 0.00387941 0.00132626
2.92907 0.108012 0.00577662 0.00197217
2.93307 0.122757 0.00598161 0.00203937
2.93706 0.105638 0.00529818 0.0018039
2.94106 0.106319 0.00564935 0.00192086
2.94505 0.0986774 0.00586467 0.00199136
2.94905 0.108212 0.00601873 0.0020409
2.95305 0.0804142 0.003699 0.0012526
2.95704 0.0829303 0.00326751 0.00110499
2.96104 0.109624 0.00680832 0.0022993
2.96503 0.103999 0.00594212 0.00200406
2.96903 0.101011 0.00679525 0.00228871
2.97303 0.0843331 0.00339917 0.00114334
2.97702 0.0872901 0.00403097 0.00135403
2.98102 0.0977199 0.00512847 0.00172037
2.98501 0.101625 0.00516075 0.00172888
2.98901 0.0818081 0.00341262 0.00114172
2.99301 0.112915 0.00618635 0.00206694
2.997 0.0954442 0.00437256 0.00145898
3.001 0.0829971 0.0028892 0.000962747
3.005 0.0794166 0.00335939 0.00111793
3.00899 0.0953863 0.00513795 0.00170753
3.01299 0.104093 0.00662891 0.00220011
3.01698 0.126137 0.00654078 0.00216799
3.02098 0.0993454 0.00506174 0.00167553
3.02498 0.0985482 0.00539281 0.00178276
3.02897 0.106707 0.00479544 0.00158319
3.03297 0.0961167 0.00523244 0.00172519
3.03696 0.072407 0.00322028 0.00106036
3.04096 0.113097 0.00623813 0.00205137
3.04496 0.0908662 0.00418542 0.00137454
3.04895 0.088065 0.00364417 0.00119522
3.05295 0.0926698 0.00388546 0.00127269
3.05694 0.0871432 0.00380487 0.00124467
3.06094 0.101189 0.0052397 0.0017118
3.06494 0.111984 0.00620051 0.00202305
3.06893 0.0860833 0.00418873 0.00136488
3.07293 0.0822578 0.00301021 0.00097959
3.07692 0.0820797 0.00284232 0.000923755
3.08092 0.0738009 0.00305821 0.000992629
3.08492 0.103131 0.00482185 0.00156304
3.08891 0.0861234 0.00534389 0.00173002
3.09291 0.0861679 0.00374904 0.00121214
3.0969 0.0795636 0.00340788 0.00110042
3.1009 0.0771098 0.00322837 0.00104111
3.1049 0.0686083 0.00263394 0.000848318
3.10889 0.087495 0.00515146 0.00165701
3.11289 0.074224 0.00300816 0.000966357
3.11688 0.07776 0.00301491 0.000967284
3.12088 0.0733957 0.0032481 0.00104076
3.12488 0.0809976 0.00405472 0.00129756
3.12887 0.0909953 0.00413669 0.0013221
3.13287 0.0821599 0.00372664 0.00118953
3.13686 0.0804943 0.00443788 0.00141475
3.14086 0.082387 0.00348158 0.00110848
3.14486 0.0715698 0.00310538 0.000987447
3.14885 0.0709998 0.00323514 0.0010274
3.15285 0.0859853 0.00411087 0.00130386
3.15684 0.0813672 0.00411433 0.0013033
3.16084 0.084538 0.00331667 0.0010493
3.16484 0.0697217 0.00267417 0.000844965
3.16883 0.083291 0.003777 0.00119192
3.17283 0.0788956 0.00310404 0.00097832
3.17682 0.0740102 0.0028622 0.000900963
3.18082 0.0780984 0.00423137 0.00133028
3.18482 0.0828902 0.00329993 0.00103615
3.18881 0.0903184 0.00389372 0.00122106
3.19281 0.0835582 0.00393126 0.00123129
3.1968 0.0874237 0.00407743 0.00127547
3.2008 0.0916678 0.00608127 0.00189992
3.2048 0.0918593 0.00463799 0.0014472
3.20879 0.0764462 0.0039382 0.00122732
3.21279 0.0923759 0.00359409 0.00111868
3.21678 0.0860833 0.00414863 0.00128968
3.22078 0.081287 0.00336337 0.00104427
3.22478 0.0698107 0.00278398 0.00086331
3.22877 0.0747183 0.00278628 0.000862955
3.23277 0.0783033 0.00310326 0.000959938
3.23676 0.079145 0.00362048 0.00111855
3.24076 0.078468 0.00409312 0.00126301
3.24476 0.087633 0.00347581 0.00107121
3.24875 0.0842619 0.00374332 0.00115223
3.25275 0.0785972 0.00330785 0.00101694
3.25674 0.0784146 0.00304512 0.00093502
3.26074 0.0771142 0.00343125 0.00105229
3.26474 0.075088 0.00285517 0.000874549
3.26873 0.0847428 0.00421477 0.00128942
3.27273 0.0744333 0.0029098 0.000889106
3.27672 0.0962013 0.00446054 0.00136128
3.28072 0.0764819 0.00358719 0.00109342
3.28472 0.06778 0.00248276 0.000755854
3.28871 0.0790737 0.00323204 0.000982769
3.29271 0.0767758 0.00331159 0.00100574
3.2967 0.073507 0.00250827 0.000760842
3.3007 0.0743843 0.00334111 0.00101224
3.3047 0.0689334 0.00265105 0.000802208
3.30869 0.0733823 0.00272349 0.000823131
3.31269 0.0746025 0.00269463 0.000813428
3.31668 0.0694277 0.00280994 0.000847214
3.32068 0.0705678 0.00299757 0.000902699
3.32468 0.0698196 0.00246956 0.000742796
3.32867 0.0744912 0.00328482 0.000986825
3.33267 0.0706658 0.00295151 0.000885631
3.33666 0.0756758 0.00274173 0.000821699
3.34066 0.0824182 0.00299926 0.000897804
3.34466 0.0775818 0.00340683 0.00101859
3.34865 0.0855756 0.00415144 0.00123973
3.35265 0.076228 0.00413625 0.00123373
3.35664 0.0758495 0.00347277 0.0010346
3.36064 0.065923 0.0026312 0.000782947
3.36464 0.0784859 0.00310374 0.00092246
3.36863 0.0706524 0.00298868 0.000887208
3.37263 0.0731107 0.00316054 0.000937114
3.37662 0.0746337 0.00338107 0.00100132
3.38062 0.064676 0.00251212 0.000743094
3.38462 0.0695836 0.00343458 0.00101476
3.38861 0.0642307 0.00239702 0.000707375
3.39261 0.0723625 0.00283548 0.000835782
3.3966 0.0754398 0.00346282 0.00101949
3.4006 0.0715164 0.00287179 0.000844496
3.4046 0.0713917 0.00294834 0.000865989
3.40859 0.0734447 0.00269621 0.000791003
3.41259 0.078134 0.00309939 0.000908222
3.41658 0.0642218 0.0021809 0.000638328
3.42058 0.0787842 0.00394814 0.00115423
3.42458 0.065589 0.00257149 0.000750892
3.42857 0.0676241 0.00242942 0.000708582
3.43257 0.0697306 0.00275759 0.00080336
3.43656 0.0717168 0.00322087 0.000937237
3.44056 0.0636696 0.00224496 0.000652498
3.44456 0.0764908 0.00315452 0.000915798
3.44855 0.0694723 0.00263907 0.000765269
3.45255 0.0626676 0.00218886 0.000633983
3.45654 0.071022 0.00266677 0.000771514
3.46054 0.0672011 0.00218728 0.000632063
3.46454 0.07222 0.00351708 0.00101517
3.46853 0.0746782 0.00306214 0.000882834
3.47253 0.0759564 0.00344988 0.000993478
3.47652 0.0664796 0.002743 0.000789006
3.48052 0.0682298 0.00234568 0.000673947
3.48452 0.0720285 0.00318886 0.000915151
3.48851 0.0602939 0.00196608 0.000563586
3.49251 0.0760543 0.00374312 0.00107176
3.4965 0.07169 0.00291328 0.000833199
3.5005 0.0605567 0.00227293 0.000649315
3.5045 0.067299 0.00262959 0.000750349
3.50849 0.060432 0.00190749 0.000543677
3.51249 0.0663505 0.00248498 0.000707471
3.51648 0.0596259 0.00181037 0.000514823
3.52048 0.067397 0.00260973 0.0007413
3.52448 0.0667557 0.00207688 0.000589274
3.52847 0.0728791 0.00279128 0.000791073
3.53247 0.0710354 0.00285954 0.000809503
3.53646 0.0659096 0.00230879 0.000652852
3.54046 0.0713917 0.0024829 0.000701292
3.54446 0.0757426 0.00291215 0.000821607
3.54845 0.0667646 0.00235464 0.000663569
3.55245 0.0585259 0.00183009 0.000515164
3.55644 0.0609575 0.00246194 0.000692248
3.56044 0.0586551 0.00177562 0.000498708
3.56444 0.0701848 0.00254685 0.000714517
3.56843 0.0683411 0.00259916 0.000728375
3.57243 0.0694099 0.0023143 0.000647822
3.57642 0.0580361 0.00183967 0.000514388
3.58042 0.0614429 0.00231095 0.000645442
3.58442 0.067967 0.00261496 0.000729536
3.58841 0.0655444 0.00274782 0.000765748
3.59241 0.0545536 0.00174843 0.0004867
3.5964 0.0653262 0.00259612 0.000721866
3.6004 0.064244 0.00242493 0.000673516
3.6044 0.0741973 0.00246228 0.000683134
3.60839 0.0702739 0.00268377 0.000743757
3.61239 0.0593943 0.00228705 0.000633112
3.61638 0.0643732 0.00200805 0.000555265
3.62038 0.0597328 0.00200903 0.000554922
3.62438 0.0643465 0.00210631 0.000581152
3.62837 0.0543042 0.00180499 0.000497464
3.63237 0.0614741 0.00221679 0.000610288
3.63636 0.0658829 0.00258576 0.000711085
3.64036 0.0696371 0.00252726 0.000694233
3.64436 0.0643598 0.00236059 0.00064774
3.64835 0.0650768 0.00266569 0.000730657
3.65235 0.0631752 0.00170821 0.000467701
3.65634 0.057996 0.00174146 0.000476284
3.66034 0.0568159 0.00188681 0.000515473
3.66434 0.0724827 0.00245696 0.000670507
3.66833 0.0590692 0.00186003 0.00050705
3.67233 0.0638833 0.00269955 0.000735106
3.67632 0.0548564 0.00176943 0.000481304
3.68032 0.0634914 0.00208768 0.000567254
3.68432 0.0631396 0.00210123 0.000570317
3.68831 0.0554353 0.00194056 0.000526139
3.69231 0.0589535 0.0019906 0.000539121
3.6963 0.0595146 0.00200358 0.000542048
3.7003 0.06387 0.00208559 0.000563627
3.7043 0.057849 0.00187385 0.000505859
3.70829 0.0639145 0.00246336 0.000664284
3.71229 0.056326 0.0019281 0.000519384
3.71628 0.0608417 0.00191229 0.00051457
3.72028 0.0557292 0.00173227 0.000465628
3.72428 0.0648586 0.00255534 0.00068613
3.72827 0.0677622 0.00240157 0.00064415
3.73227 0.0659541 0.00242768 0.000650457
3.73626 0.0613583 0.0019156 0.000512704
3.74026 0.0670096 0.00236112 0.000631271
3.74426 0.0631663 0.0024958 0.000666567
3.74825 0.0547361 0.00174618 0.000465866
3.75225 0.0630283 0.00194907 0.000519441
3.75624 0.0627255 0.0020775 0.000553079
3.76024 0.0602093 0.00201368 0.000535519
3.76424 0.0526876 0.00161877 0.000430039
3.76823 0.0611668 0.00207465 0.000550563
3.77223 0.0554665 0.00156506 0.00041489
3.77622 0.0584458 0.00190196 0.000503666
3.78022 0.0589668 0.00200238 0.000529699
3.78422 0.0580272 0.00176463 0.000466313
3.78821 0.0622979 0.00209535 0.000553123
3.79221 0.0585838 0.00174636 0.000460514
3.7962 0.0631263 0.00194875 0.000513341
3.8002 0.053743 0.00166331 0.000437691
3.8042 0.066925 0.00208579 0.000548287
3.80819 0.0563171 0.00168274 0.000441874
3.81219 0.0591004 0.0018893 0.000495595
3.81618 0.0581563 0.00215094 0.000563636
3.82018 0.061817 0.00167824 0.000439309
3.82418 0.0685593 0.00265997 0.000695566
3.82817 0.0606769 0.00228675 0.000597348
3.83217 0.0618392 0.00204304 0.000533129
3.83616 0.0609575 0.00204278 0.000532507
3.84016 0.0538544 0.00166361 0.000433213
3.84416 0.0630327 0.00204469 0.000531895
3.84815 0.0490848 0.00146915 0.000381781
3.85215 0.068399 0.00204774 0.000531585
3.85614 0.0570875 0.00164318 0.000426121
3.86014 0.0541572 0.00160741 0.000416413
3.86414 0.0605878 0.00195267 0.000505332
3.86813 0.0642886 0.00192123 0.000496683
3.87213 0.0573547 0.00203087 0.000524483
3.87612 0.0612247 0.00197629 0.000509861
3.88012 0.0626898 0.00209138 0.000539
3.88412 0.0646716 0.00248651 0.000640173
3.88811 0.0613316 0.0020141 0.000518014
3.89211 0.0635849 0.00240048 0.000616755
3.8961 0.0604453 0.00202246 0.000519097
3.9001 0.0592474 0.00182033 0.000466738
3.9041 0.0523848 0.00149958 0.000384104
3.90809 0.0580583 0.00216335 0.000553556
3.91209 0.0550078 0.00190891 0.000487952
3.91608 0.057466 0.00180255 0.000460293
3.92008 0.0603474 0.00199503 0.000508926
3.92408 0.0532888 0.0018189 0.000463524
3.92807 0.0598085 0.00222438 0.000566277
3.93207 0.0681274 0.00274899 0.000699121
3.93606 0.0592786 0.00188288 0.000478366
3.94006 0.0540681 0.00186718 0.000473896
3.94406 0.0537653 0.00174172 0.000441606
3.94805 0.0597506 0.0016619 0.000420941
3.95205 0.0581875 0.00171064 0.000432848
3.95604 0.0489913 0.00154518 0.000390587
3.96004 0.0567624 0.00174691 0.000441134
3.96404 0.0551859 0.00175111 0.000441748
3.96803 0.0542418 0.0015016 0.000378425
3.97203 0.0544333 0.00178264 0.000448797
3.97602 0.0570964 0.00199222 0.000501059
3.98002 0.0525674 0.00152075 0.000382096
3.98402 0.0564195 0.00166481 0.000417871
3.98801 0.0518593 0.00156636 0.000392767
3.99201 0.0540815 0.0016927 0.000424021
3.996 0.0536094 0.0016409 0.000410636
4 0.0611623 0.00194575 0.000486436
