0 1 0 nan
0.003996 1 0 0
0.00799201 1 0 0
0.011988 1 0 0
0.015984 1 0 0
0.01998 1 0 0
0.023976 1 0 0
0.027972 1 0 0
0.031968 1 0 0
0.035964 1 0 0
0.03996 1 0 0
0.043956 1 0 0
0.047952 1 0 0
0.0519481 1 0 0
0.0559441 1 0 0
0.0599401 1 0 0
0.0639361 1 0 0
0.0679321 1 0 0
0.0719281 1 0 0
0.0759241 1 0 0
0.0799201 1 0 0
0.0839161 1 0 0
0.0879121 1 0 0
0.0919081 1 0 0
0.0959041 1 0 0
0.0999001 1 0 0
0.103896 1 0 0
0.107892 1 0 0
0.111888 1 0 0
0.115884 1 0 0
0.11988 1 0 0
0.123876 1 0 0
0.127872 1 0 0
0.131868 1 0 0
0.135864 1 0 0
0.13986 1 0 0
0.143856 1 0 0
0.147852 1 0 0
0.151848 1 0 0
0.155844 1 0 0
0.15984 1 0 0
0.163836 1 0 0
0.167832 1 0 0
0.171828 1 0 0
0.175824 1 0 0
0.17982 1 0 0
0.183816 1 0 0
0.187812 1 0 0
0.191808 1 0 0
0.195804 1 0 0
0.1998 1 0 0
0.203796 1 0 0
0.207792 1 0 0
0.211788 1 0 0
0.215784 1 0 0
0.21978 1 0 0
0.223776 1 0 0
0.227772 1 0 0
0.231768 1 0 0
0.235764 1 0 0
0.23976 1 0 0
0.243756 1 0 0
0.247752 1 0 0
0.251748 1 0 0
0.255744 1 0 0
0.25974 1 0 0
0.263736 1 0 0
0.267732 1 0 0
0.271728 1 0 0
0.275724 1 0 0
0.27972 1 0 0
0.283716 1 0 0
0.287712 1 0 0
0.291708 1 0 0
0.295704 1 0 0
0.2997 1 0 0
0.303696 1 0 0
0.307692 1 0 0
0.311688 1 0 0
0.315684 1 0 0
0.31968 1 0 0
0.323676 1 0 0
0.327672 1 0 0
0.331668 1 0 0
0.335664 1 0 0
0.33966 1 0 0
0.343656 1 0 0
0.347652 1 0 0
0.351648 1 0 0
0.355644 1 0 0
0.35964 1 0 0
0.363636 1 0 0
0.367632 1 0 0
0.371628 1 0 0
0.375624 1 0 0
0.37962 1 0 0
0.383616 1 0 0
0.387612 1 0 0
0.391608 1 0 0
0.395604 1 0 0
0.3996 1 0 0
0.403596 1 0 0
0.407592 1 0 0
0.411588 1 0 0
0.415584 1 0 0
0.41958 1 0 0
0.423576 1 0 0
0.427572 1 0 0
0.431568 1 0 0
0.435564 1 0 0
0.43956 1 0 0
0.443556 1 0 0
0.447552 1 0 0
0.451548 1 0 0
0.455544 1 0 0
0.45954 1 0 0
0.463536 1 0 0
0.467532 1 0 0
0.471528 1 0 0
0.475524 1 0 0
0.47952 1 0 0
0.483516 1 0 0
0.487512 1 0 0
0.491508 1 0 0
0.495504 1 0 0
0.4995 1 0 0
0.503497 1 0 0
0.507493 1 0 0
0.511489 1 0 0
0.515485 1 0 0
0.519481 1 0 0
0.523477 1 0 0
0.527473 1 0 0
0.531469 1 0 0
0.535465 1 0 0
0.539461 1 0 0
0.543457 1 0 0
0.547453 1 0 0
0.551449 0.999985 3.10867e-08 5.63728e-08
0.555445 1 6.22982e-11 1.12159e-10
0.559441 1 1.24789e-13 2.2306e-13
0.563437 0.999995 6.23743e-09 1.10703e-08
0.567433 1 1.24998e-11 2.20287e-11
0.571429 1 2.5091e-14 4.39093e-14
0.575425 1 0 0
0.579421 1 0 0
0.583417 0.999995 6.23742e-09 1.06912e-08
0.587413 1 1.24998e-11 2.12794e-11
0.591409 1 2.5091e-14 4.24259e-14
0.595405 1 0 0
0.599401 0.999995 6.23742e-09 1.04061e-08
0.603397 0.999997 3.13749e-09 5.19971e-09
0.607393 1 6.28742e-12 1.03515e-11
0.611389 0.999995 6.23744e-09 1.02021e-08
0.615385 0.999992 9.34981e-09 1.51934e-08
0.619381 1 1.87372e-11 3.02516e-11
0.623377 0.999995 6.23746e-09 1.00059e-08
0.627373 0.999995 6.24992e-09 9.96206e-09
0.631369 1 1.25249e-11 1.98377e-11
0.635365 0.999995 6.23745e-09 9.81712e-09
0.639361 1 1.24998e-11 1.95504e-11
0.643357 0.999992 9.33734e-09 1.45135e-08
0.647353 0.999992 9.35602e-09 1.44527e-08
0.651349 1 1.87494e-11 2.87856e-11
0.655345 0.999987 1.54995e-08 2.36509e-08
0.659341 0.999992 9.36837e-09 1.42087e-08
0.663337 0.99999 1.24434e-08 1.87588e-08
0.667333 0.999982 2.16363e-08 3.24221e-08
0.671329 0.999995 6.28078e-09 9.35575e-09
0.675325 0.999982 2.78865e-08 4.12934e-08
0.679321 0.999985 1.86176e-08 2.74061e-08
0.683317 0.99999 1.2462e-08 1.82375e-08
0.687313 0.999992 9.36229e-09 1.36216e-08
0.691309 0.999992 9.35607e-09 1.35339e-08
0.695305 0.999997 3.14374e-09 4.52138e-09
0.699301 0.99998 2.46548e-08 3.52564e-08
0.703297 0.999975 3.07345e-08 4.37007e-08
0.707293 0.999972 3.37462e-08 4.77118e-08
0.711289 0.999965 4.26754e-08 5.99973e-08
0.715285 0.999972 3.37701e-08 4.72121e-08
0.719281 0.999955 5.43973e-08 7.56273e-08
0.723277 0.99994 7.79074e-08 1.07715e-07
0.727273 0.99996 4.86499e-08 6.68936e-08
0.731269 0.99994 7.16334e-08 9.79576e-08
0.735265 0.999952 5.73722e-08 7.80294e-08
0.739261 0.999972 4.00621e-08 5.41921e-08
0.743257 0.999967 3.97262e-08 5.34488e-08
0.747253 0.999965 4.26874e-08 5.71257e-08
0.751249 0.999952 5.73142e-08 7.6292e-08
0.755245 0.999962 4.56719e-08 6.0473e-08
0.759241 0.999957 5.15095e-08 6.78434e-08
0.763237 0.99995 6.6481e-08 8.7104e-08
0.767233 0.999935 7.73041e-08 1.00757e-07
0.771229 0.999922 1.03719e-07 1.34485e-07
0.775225 0.999937 7.45675e-08 9.61882e-08
0.779221 0.999915 1.05621e-07 1.35547e-07
0.783217 0.999947 6.32009e-08 8.0694e-08
0.787213 0.999927 8.56559e-08 1.08809e-07
0.791209 0.999927 8.57009e-08 1.08316e-07
0.795205 0.99992 1.00209e-07 1.26017e-07
0.799201 0.999897 1.49347e-07 1.8687e-07
0.803197 0.999922 9.76006e-08 1.21515e-07
0.807193 0.999925 9.47484e-08 1.1738e-07
0.811189 0.999877 1.5108e-07 1.86246e-07
0.815185 0.999902 1.25403e-07 1.53833e-07
0.819181 0.999922 9.12901e-08 1.11441e-07
0.823177 0.99986 1.80905e-07 2.19765e-07
0.827173 0.999842 1.72726e-07 2.08815e-07
0.831169 0.99988 1.73764e-07 2.0906e-07
0.835165 0.999887 1.41073e-07 1.68916e-07
0.839161 0.99981 2.20801e-07 2.63122e-07
0.843157 0.999832 2.13381e-07 2.53074e-07
0.847153 0.999862 1.84978e-07 2.18352e-07
0.851149 0.99982 2.05817e-07 2.4181e-07
0.855145 0.999835 1.98529e-07 2.32158e-07
0.859141 0.999742 4.00384e-07 4.66028e-07
0.863137 0.999802 2.90422e-07 3.36473e-07
0.867133 0.99983 2.15805e-07 2.48871e-07
0.871129 0.999812 2.31292e-07 2.65509e-07
0.875125 0.999812 2.18798e-07 2.5002e-07
0.879121 0.99977 3.16815e-07 3.60377e-07
0.883117 0.99983 2.34645e-07 2.65701e-07
0.887113 0.999734 3.55815e-07 4.01093e-07
0.891109 0.999724 3.75686e-07 4.21594e-07
0.895105 0.999765 3.08533e-07 3.44689e-07
0.899101 0.999767 3.37753e-07 3.75656e-07
0.903097 0.999704 3.82992e-07 4.24087e-07
0.907093 0.999775 3.13166e-07 3.45241e-07
0.911089 0.999647 5.24044e-07 5.75184e-07
0.915085 0.999694 4.33704e-07 4.7395e-07
0.919081 0.999672 3.91053e-07 4.25483e-07
0.923077 0.999599 6.2922e-07 6.81655e-07
0.927073 0.999652 4.53041e-07 4.88679e-07
0.931069 0.999599 5.85506e-07 6.28854e-07
0.935065 0.999654 4.26511e-07 4.56129e-07
0.939061 0.999544 6.00865e-07 6.39857e-07
0.943057 0.999557 5.59247e-07 5.93015e-07
0.947053 0.999602 5.28227e-07 5.57759e-07
0.951049 0.999484 6.67886e-07 7.02262e-07
0.955045 0.999544 6.07611e-07 6.36212e-07
0.959041 0.999507 7.37773e-07 7.69283e-07
0.963037 0.999532 6.6193e-07 6.87336e-07
0.967033 0.999419 6.65581e-07 6.88271e-07
0.971029 0.999469 6.71211e-07 6.91236e-07
0.975025 0.999421 7.02949e-07 7.20955e-07
0.979021 0.999459 7.41955e-07 7.57854e-07
0.983017 0.999486 7.42912e-07 7.55747e-07
0.987013 0.999421 8.2208e-07 8.32897e-07
0.991009 0.999381 7.0536e-07 7.11759e-07
0.995005 0.999186 1.03888e-06 1.0441e-06
0.999001 0.999294 9.24656e-07 9.25581e-07
1.003 0.999091 1.29486e-06 1.29099e-06
1.00699 0.999241 9.70199e-07 9.63461e-07
1.01099 0.999309 1.01442e-06 1.00339e-06
1.01499 0.999264 9.56384e-07 9.42264e-07
1.01898 0.999131 1.10318e-06 1.08263e-06
1.02298 0.999088 1.14975e-06 1.12392e-06
1.02697 0.999163 1.03074e-06 1.00367e-06
1.03097 0.999011 1.37458e-06 1.33328e-06
1.03497 0.999153 1.10826e-06 1.07082e-06
1.03896 0.999023 1.19583e-06 1.15098e-06
1.04296 0.999108 1.20486e-06 1.15524e-06
1.04695 0.998953 1.52374e-06 1.45541e-06
1.05095 0.999011 1.33799e-06 1.27312e-06
1.05495 0.998853 1.70493e-06 1.61613e-06
1.05894 0.998735 1.7567e-06 1.65892e-06
1.06294 0.99888 1.4332e-06 1.34834e-06
1.06693 0.998742 1.57158e-06 1.47299e-06
1.07093 0.998768 1.60292e-06 1.49675e-06
1.07493 0.998617 1.86747e-06 1.73731e-06
1.07892 0.99871 1.61787e-06 1.49952e-06
1.08292 0.998702 1.65741e-06 1.53051e-06
1.08691 0.998585 1.83596e-06 1.68915e-06
1.09091 0.998454 2.1896e-06 2.00713e-06
1.09491 0.99855 2.29389e-06 2.09506e-06
1.0989 0.998765 1.90192e-06 1.73074e-06
1.1029 0.998499 2.66526e-06 2.4166e-06
1.10689 0.998079 2.94267e-06 2.65849e-06
1.11089 0.998224 2.21539e-06 1.99425e-06
1.11489 0.998334 2.06098e-06 1.84861e-06
1.11888 0.998257 2.18107e-06 1.94933e-06
1.12288 0.998359 2.17506e-06 1.93704e-06
1.12687 0.998327 2.50237e-06 2.22063e-06
1.13087 0.998106 2.34293e-06 2.0718e-06
1.13487 0.997956 3.04709e-06 2.68498e-06
1.13886 0.997876 2.79578e-06 2.45489e-06
1.14286 0.998076 2.8237e-06 2.47074e-06
1.14685 0.997908 2.64768e-06 2.30865e-06
1.15085 0.997966 3.0322e-06 2.63475e-06
1.15485 0.998064 2.47836e-06 2.14605e-06
1.15884 0.997475 3.98104e-06 3.43537e-06
1.16284 0.997776 3.14472e-06 2.70436e-06
1.16683 0.997673 3.10456e-06 2.66067e-06
1.17083 0.997663 3.45228e-06 2.94858e-06
1.17483 0.997633 2.92955e-06 2.4936e-06
1.17882 0.99746 3.43613e-06 2.91488e-06
1.18282 0.997277 4.64468e-06 3.9268e-06
1.18681 0.997543 3.70552e-06 3.12224e-06
1.19081 0.997132 4.56559e-06 3.83402e-06
1.19481 0.996986 4.65213e-06 3.89363e-06
1.1988 0.997177 3.91605e-06 3.26664e-06
1.2028 0.997072 4.23631e-06 3.52205e-06
1.20679 0.997009 4.64593e-06 3.84982e-06
1.21079 0.997099 4.10092e-06 3.38698e-06
1.21479 0.996874 4.43191e-06 3.64831e-06
1.21878 0.996901 3.94967e-06 3.24067e-06
1.22278 0.996556 5.97038e-06 4.88264e-06
1.22677 0.996703 5.79649e-06 4.72499e-06
1.23077 0.996573 4.68237e-06 3.80442e-06
1.23477 0.996355 5.59075e-06 4.52778e-06
1.23876 0.996328 5.63205e-06 4.54652e-06
1.24276 0.996473 4.96847e-06 3.99794e-06
1.24675 0.996245 6.63568e-06 5.32237e-06
1.25075 0.996516 5.02796e-06 4.01996e-06
1.25475 0.996375 5.31753e-06 4.23794e-06
1.25874 0.996232 5.19259e-06 4.12522e-06
1.26274 0.995869 5.71463e-06 4.52559e-06
1.26673 0.995767 6.92638e-06 5.46791e-06
1.27073 0.995624 7.40601e-06 5.82815e-06
1.27473 0.995902 5.73967e-06 4.50267e-06
1.27872 0.995358 5.54137e-06 4.33353e-06
1.28272 0.995048 7.89649e-06 6.15606e-06
1.28671 0.995463 7.02488e-06 5.45956e-06
1.29071 0.99524 7.55895e-06 5.85643e-06
1.29471 0.995326 6.77283e-06 5.23117e-06
1.2987 0.99493 7.26066e-06 5.59071e-06
1.3027 0.994461 8.06304e-06 6.18949e-06
1.30669 0.994837 8.19669e-06 6.27285e-06
1.31069 0.994597 7.55981e-06 5.76781e-06
1.31469 0.994053 9.70847e-06 7.38464e-06
1.31868 0.994464 1.03032e-05 7.81328e-06
1.32268 0.994702 9.25982e-06 7.00081e-06
1.32667 0.994359 8.37485e-06 6.31267e-06
1.33067 0.993898 8.465e-06 6.36146e-06
1.33467 0.993617 8.84515e-06 6.62724e-06
1.33866 0.994136 8.15423e-06 6.09133e-06
1.34266 0.993745 9.74828e-06 7.26044e-06
1.34665 0.993587 1.04921e-05 7.79128e-06
1.35065 0.993675 9.41543e-06 6.97104e-06
1.35465 0.993349 9.7718e-06 7.21355e-06
1.35864 0.993402 1.00843e-05 7.42237e-06
1.36264 0.993582 1.00403e-05 7.36826e-06
1.36663 0.993044 1.09314e-05 7.9988e-06
1.37063 0.992345 1.46584e-05 1.06946e-05
1.37463 0.991931 1.21653e-05 8.84992e-06
1.37862 0.992678 1.16442e-05 8.44625e-06
1.38262 0.992355 1.38612e-05 1.00253e-05
1.38661 0.992297 1.31786e-05 9.50417e-06
1.39061 0.991926 1.31649e-05 9.467e-06
1.39461 0.992179 1.253e-05 8.98465e-06
1.3986 0.991999 1.32135e-05 9.44764e-06
1.4026 0.991478 1.49451e-05 1.06553e-05
1.40659 0.991844 1.48359e-05 1.05474e-05
1.41059 0.990987 2.19451e-05 1.55574e-05
1.41459 0.990699 1.60166e-05 1.13224e-05
1.41858 0.991375 1.60798e-05 1.13351e-05
1.42258 0.990777 1.64695e-05 1.15772e-05
1.42657 0.990203 1.66408e-05 1.16648e-05
1.43057 0.990539 1.60728e-05 1.12353e-05
1.43457 0.990393 1.51424e-05 1.05554e-05
1.43856 0.989982 1.97852e-05 1.37534e-05
1.44256 0.989609 1.53679e-05 1.06532e-05
1.44655 0.989223 1.78834e-05 1.23628e-05
1.45055 0.989248 2.18346e-05 1.50526e-05
1.45455 0.989619 1.53171e-05 1.05305e-05
1.45854 0.988918 1.92066e-05 1.31683e-05
1.46254 0.989391 1.57532e-05 1.07712e-05
1.46653 0.988753 2.14964e-05 1.46579e-05
1.47053 0.988377 1.98217e-05 1.34793e-05
1.47453 0.987943 2.22536e-05 1.5092e-05
1.47852 0.987906 2.17236e-05 1.46928e-05
1.48252 0.988444 1.87878e-05 1.26729e-05
1.48651 0.987873 2.53774e-05 1.70718e-05
1.49051 0.98734 2.09483e-05 1.40544e-05
1.49451 0.987097 2.44128e-05 1.6335e-05
1.4985 0.987034 2.66167e-05 1.77622e-05
1.5025 0.986533 2.6423e-05 1.7586e-05
1.50649 0.986182 2.68113e-05 1.77971e-05
1.51049 0.986227 2.14116e-05 1.41752e-05
1.51449 0.985952 2.13187e-05 1.40765e-05
1.51848 0.985043 3.68677e-05 2.42793e-05
1.52248 0.985854 2.88376e-05 1.89412e-05
1.52647 0.984569 3.19926e-05 2.09585e-05
1.53047 0.984987 2.95511e-05 1.93085e-05
1.53447 0.98494 3.05353e-05 1.98996e-05
1.53846 0.98394 2.47056e-05 1.60586e-05
1.54246 0.984163 3.00734e-05 1.94971e-05
1.54645 0.983742 2.95035e-05 1.90781e-05
1.55045 0.98273 3.23332e-05 2.08541e-05
1.55445 0.983517 3.64803e-05 2.34684e-05
1.55844 0.983134 3.13254e-05 2.01005e-05
1.56244 0.982365 3.55092e-05 2.27268e-05
1.56643 0.983409 3.17186e-05 2.02489e-05
1.57043 0.982848 3.10013e-05 1.97407e-05
1.57443 0.980596 3.77766e-05 2.39939e-05
1.57842 0.980977 4.1124e-05 2.60539e-05
1.58242 0.981167 3.60945e-05 2.28097e-05
1.58641 0.980797 4.26179e-05 2.68643e-05
1.59041 0.97892 6.65769e-05 4.18615e-05
1.59441 0.980701 4.09553e-05 2.56869e-05
1.5984 0.980772 4.00805e-05 2.50754e-05
1.6024 0.979734 3.24935e-05 2.02781e-05
1.60639 0.979076 4.64395e-05 2.89092e-05
1.61039 0.978542 4.43478e-05 2.75386e-05
1.61439 0.979146 4.1434e-05 2.56655e-05
1.61838 0.978965 3.93966e-05 2.43432e-05
1.62238 0.977793 4.58817e-05 2.82805e-05
1.62637 0.977467 4.06188e-05 2.49751e-05
1.63037 0.978031 4.5879e-05 2.81403e-05
1.63437 0.977427 5.17932e-05 3.16901e-05
1.63836 0.97732 4.66832e-05 2.84939e-05
1.64236 0.974832 4.91166e-05 2.99062e-05
1.64635 0.975802 5.48416e-05 3.3311e-05
1.65035 0.976097 5.82372e-05 3.52878e-05
1.65435 0.975413 4.70369e-05 2.84323e-05
1.65834 0.974502 5.37129e-05 3.23895e-05
1.66234 0.975496 4.70059e-05 2.8277e-05
1.66633 0.974366 4.85496e-05 2.91356e-05
1.67033 0.97127 9.25693e-05 5.54198e-05
1.67433 0.973828 6.76488e-05 4.04036e-05
1.67832 0.973349 6.27442e-05 3.73851e-05
1.68232 0.972503 6.22719e-05 3.70155e-05
1.68631 0.971648 8.34112e-05 4.94636e-05
1.69031 0.972142 6.47526e-05 3.83082e-05
1.69431 0.971465 7.08499e-05 4.18165e-05
1.6983 0.971498 7.21089e-05 4.24594e-05
1.7023 0.971445 6.07651e-05 3.5696e-05
1.70629 0.970554 6.24499e-05 3.65998e-05
1.71029 0.969942 6.25122e-05 3.65507e-05
1.71429 0.968758 7.17215e-05 4.18376e-05
1.71828 0.968732 8.36448e-05 4.86793e-05
1.72228 0.968968 7.82545e-05 4.54366e-05
1.72627 0.968262 7.13267e-05 4.13183e-05
1.73027 0.96765 7.16822e-05 4.14284e-05
1.73427 0.967014 7.55212e-05 4.35465e-05
1.73826 0.966395 9.63665e-05 5.54384e-05
1.74226 0.966991 7.39043e-05 4.24187e-05
1.74625 0.964331 8.80118e-05 5.04003e-05
1.75025 0.963452 0.000102113 5.83422e-05
1.75425 0.964211 9.73932e-05 5.55186e-05
1.75824 0.964356 0.000105758 6.015e-05
1.76224 0.963304 8.77636e-05 4.98024e-05
1.76623 0.961187 0.000122132 6.9148e-05
1.77023 0.962039 0.000129178 7.29725e-05
1.77423 0.963211 9.44672e-05 5.32442e-05
1.77822 0.961393 9.11227e-05 5.12437e-05
1.78222 0.961335 9.35371e-05 5.24835e-05
1.78621 0.958702 0.000127136 7.11762e-05
1.79021 0.959527 0.000101969 5.69592e-05
1.79421 0.959855 0.000111462 6.21233e-05
1.7982 0.957475 0.000128692 7.15672e-05
1.8022 0.957192 0.000120601 6.69187e-05
1.80619 0.956245 0.000161257 8.92803e-05
1.81019 0.956866 0.000109168 6.03076e-05
1.81419 0.955616 0.000109959 6.06108e-05
1.81818 0.955018 0.000149678 8.23231e-05
1.82218 0.95508 0.000127467 6.99529e-05
1.82617 0.953084 0.000107721 5.89873e-05
1.83017 0.95524 0.000128058 6.99703e-05
1.83417 0.952673 0.00014475 7.89188e-05
1.83816 0.951072 0.000129426 7.04106e-05
1.84216 0.949426 0.000196201 0.000106506
1.84615 0.951313 0.000136502 7.39386e-05
1.85015 0.952773 0.000134057 7.24576e-05
1.85415 0.947978 0.000196887 0.000106187
1.85814 0.9476 0.000161463 8.68948e-05
1.86214 0.948221 0.000178035 9.56076e-05
1.86613 0.947124 0.000169335 9.07411e-05
1.87013 0.947848 0.000149144 7.97507e-05
1.87413 0.945093 0.000193605 0.000103304
1.87812 0.946192 0.000185827 9.89432e-05
1.88212 0.945183 0.000149603 7.94866e-05
1.88611 0.944296 0.000226573 0.000120127
1.89011 0.943399 0.000169419 8.96346e-05
1.89411 0.942578 0.000181944 9.60578e-05
1.8981 0.941613 0.000188957 9.95505e-05
1.9021 0.937407 0.000260819 0.000137122
1.90609 0.938267 0.000177359 9.30483e-05
1.91009 0.937177 0.000257531 0.000134827
1.91409 0.940689 0.000148373 7.75162e-05
1.91808 0.936781 0.000206804 0.000107818
1.92208 0.937387 0.000167508 8.71493e-05
1.92607 0.938054 0.000166083 8.62289e-05
1.93007 0.932818 0.00026586 0.000137746
1.93407 0.93245 0.000232118 0.000120016
1.93806 0.934131 0.000226178 0.000116703
1.94206 0.934612 0.000197663 0.00010178
1.94605 0.931909 0.000247661 0.000127263
1.95005 0.926278 0.000285882 0.000146602
1.95405 0.931275 0.000214444 0.000109743
1.95804 0.928985 0.000259743 0.000132654
1.96204 0.925063 0.000274336 0.000139822
1.96603 0.922791 0.000343639 0.000174788
1.97003 0.925261 0.000313697 0.000159235
1.97403 0.924807 0.000260195 0.000131809
1.97802 0.923965 0.000314002 0.000158745
1.98202 0.92272 0.000327034 0.000165
1.98601 0.917853 0.000297453 0.000149774
1.99001 0.917027 0.000360608 0.000181209
1.99401 0.913637 0.000401396 0.000201301
1.998 0.919241 0.000251728 0.00012599
2.002 0.91604 0.000222755 0.000111266
2.00599 0.918119 0.000314972 0.000157015
2.00999 0.909274 0.000569774 0.000283471
2.01399 0.913134 0.000367207 0.000182329
2.01798 0.914289 0.000530446 0.00026286
2.02198 0.910498 0.000423732 0.000209563
2.02597 0.905774 0.000410605 0.00020267
2.02997 0.907227 0.00036922 0.000181884
2.03397 0.903755 0.000579773 0.000285046
2.03796 0.902467 0.000513514 0.000251974
2.04196 0.890253 0.000771678 0.000377911
2.04595 0.89881 0.000481728 0.000235454
2.04995 0.900343 0.000426621 0.000208113
2.05395 0.899286 0.000362109 0.000176299
2.05794 0.896851 0.0005058 0.00024578
2.06194 0.898995 0.000390451 0.000189361
2.06593 0.890691 0.000570382 0.000276089
2.06993 0.881217 0.000880028 0.000425149
2.07393 0.89022 0.000542616 0.000261637
2.07792 0.888845 0.000849707 0.000408921
2.08192 0.882192 0.00115465 0.000554608
2.08591 0.891876 0.000666382 0.000319468
2.08991 0.885411 0.000608907 0.000291356
2.09391 0.873262 0.000963403 0.000460099
2.0979 0.873823 0.000724649 0.000345416
2.1019 0.868126 0.00105212 0.000500559
2.10589 0.876683 0.00101332 0.000481181
2.10989 0.871541 0.000682902 0.000323667
2.11389 0.870716 0.000758402 0.000358771
2.11788 0.837703 0.00464666 0.00219401
2.12188 0.87482 0.000565435 0.000266479
2.12587 0.859534 0.00113694 0.00053481
2.12987 0.863384 0.000680213 0.000319368
2.13387 0.86767 0.000816007 0.000382408
2.13786 0.850859 0.0024078 0.00112626
2.14186 0.841035 0.00132608 0.000619128
2.14585 0.853788 0.000985995 0.000459488
2.14985 0.834394 0.00182336 0.000848136
2.15385 0.847392 0.00170671 0.0007924
2.15784 0.826365 0.00153471 0.000711223
2.16184 0.811135 0.002786 0.00128872
2.16583 0.836288 0.00131439 0.000606875
2.16983 0.835371 0.00154534 0.000712196
2.17383 0.824356 0.00302856 0.00139319
2.17782 0.835195 0.0026116 0.00119918
2.18182 0.829294 0.00142456 0.000652921
2.18581 0.843119 0.00122587 0.000560828
2.18981 0.832227 0.00181464 0.000828675
2.19381 0.830686 0.00177525 0.000809209
2.1978 0.812723 0.00146666 0.000667331
2.2018 0.83632 0.000991117 0.00045014
2.20579 0.720656 0.0118018 0.00535036
2.20979 0.737292 0.0113861 0.00515259
2.21379 0.816263 0.00163281 0.000737564
2.21778 0.810468 0.00121689 0.000548697
2.22178 0.75024 0.00505724 0.00227621
2.22577 0.770163 0.00359964 0.00161725
2.22977 0.735919 0.00668971 0.00300018
2.23377 0.782287 0.00372737 0.00166865
2.23776 0.799975 0.00116421 0.000520255
2.24176 0.761889 0.00217217 0.00096896
2.24575 0.779694 0.00431452 0.00192119
2.24975 0.71882 0.00326446 0.00145103
2.25375 0.769291 0.00226385 0.00100448
2.25774 0.76512 0.00335429 0.00148568
2.26174 0.747197 0.00393751 0.00174092
2.26573 0.688026 0.00958072 0.00422853
2.26973 0.753805 0.00359071 0.001582
2.27373 0.736395 0.00333472 0.00146663
2.27772 0.74726 0.00286293 0.00125692
2.28172 0.764564 0.00356304 0.00156156
2.28571 0.717402 0.00655435 0.00286753
2.28971 0.744604 0.00350661 0.00153146
2.29371 0.693051 0.00503308 0.0021943
2.2977 0.6676 0.00612099 0.00266396
2.3017 0.705135 0.00468131 0.00203385
2.30569 0.68149 0.00531772 0.00230634
2.30969 0.672285 0.00697126 0.00301827
2.31369 0.67746 0.00657997 0.00284393
2.31768 0.609662 0.0104818 0.00452253
2.32168 0.660706 0.00424458 0.00182824
2.32567 0.609043 0.00807049 0.00347017
2.32967 0.613853 0.0131301 0.00563603
2.33367 0.600529 0.00974092 0.00417409
2.33766 0.700208 0.00490627 0.00209879
2.34166 0.652723 0.00783794 0.00334717
2.34565 0.613434 0.0080485 0.00343124
2.34965 0.527094 0.0158556 0.00674808
2.35365 0.586771 0.0138375 0.00587917
2.35764 0.54134 0.0157541 0.00668214
2.36164 0.438692 0.0469034 0.0198605
2.36563 0.496681 0.0131767 0.00557006
2.36963 0.553081 0.0157045 0.00662741
2.37363 0.421909 0.0146638 0.0061778
2.37762 0.623474 0.0066074 0.00277899
2.38162 0.313737 0.022448 0.00942551
2.38561 0.525842 0.0170975 0.00716693
2.38961 0.511816 0.0251044 0.0105056
2.39361 0.38112 0.0241933 0.0101075
2.3976 0.561538 0.0120352 0.00501968
2.4016 0.558517 0.00674668 0.00280925
2.40559 0.347791 0.0226605 0.00941991
2.40959 0.408439 0.0141421 0.00586908
2.41359 0.280864 0.00998775 0.00413814
2.41758 0.523677 0.0149206 0.00617172
2.42158 0.373447 0.0145016 0.00598849
2.42557 0.415664 0.0264483 0.0109039
2.42957 0.492981 0.00488032 0.00200872
2.43357 0.06998 0.00229927 0.000944813
2.43756 0.488437 0.00921895 0.00378204
2.44156 0.197783 0.0169759 0.00695291
2.44555 0.371613 0.0199333 0.00815085
2.44955 0.352124 0.011196 0.00457063
2.45355 0.278249 0.0226183 0.0092186
2.45754 0.269366 0.010372 0.00422047
2.46154 0.345286 0.0116286 0.00472412
2.46553 0.262801 0.0292314 0.011856
2.46953 0.281698 0.0123358 0.0049952
2.47353 0.268747 0.0149312 0.00603639
2.47752 0.30259 0.0114449 0.00461949
2.48152 0.190401 0.0124898 0.00503314
2.48551 0.189411 0.0122834 0.00494201
2.48951 0.28729 0.0245902 0.00987752
2.49351 0.404246 0.0084533 0.00339012
2.4975 0.28769 0.0161885 0.00648188
2.5015 0.319238 0.0214297 0.00856673
2.50549 0.127798 0.0114865 0.00458451
2.50949 0.249156 0.0152865 0.00609147
2.51349 0.167069 0.0236051 0.00939137
2.51748 0.351045 0.0167294 0.00664531
2.52148 0.228883 0.0211615 0.00839248
2.52547 0.316944 0.0115441 0.00457108
2.52947 0.150874 0.0105085 0.00415443
2.53347 0.248958 0.0229302 0.00905092
2.53746 0.207668 0.0236141 0.0093062
2.54146 0.193469 0.0134408 0.00528861
2.54545 0.219384 0.0188035 0.00738709
2.54945 0.134982 0.0058489 0.00229418
2.55345 0.222199 0.0250289 0.00980201
2.55744 0.181333 0.0134621 0.00526389
2.56144 0.25132 0.0122694 0.00479004
2.56543 0.192252 0.016094 0.0062734
2.56943 0.17238 0.0101914 0.00396639
2.57343 0.157973 0.0105084 0.00408344
2.57742 0.150496 0.00709963 0.00275455
2.58142 0.112635 0.00431641 0.00167211
2.58541 0.164163 0.00611733 0.00236609
2.58941 0.12128 0.0055218 0.00213246
2.59341 0.181055 0.0122377 0.00471877
2.5974 0.165316 0.0151075 0.00581637
2.6014 0.162062 0.00949219 0.00364888
2.60539 0.0664729 0.00260413 0.000999516
2.60939 0.213171 0.00967419 0.00370745
2.61339 0.149341 0.0092954 0.00355684
2.61738 0.119013 0.0042007 0.00160492
2.62138 0.181345 0.0111512 0.00425395
2.62537 0.191794 0.0216202 0.00823508
2.62937 0.13485 0.00602763 0.00229242
2.63337 0.141418 0.00850764 0.00323071
2.63736 0.217407 0.0134902 0.00511504
2.64136 0.102545 0.00482555 0.00182692
2.64535 0.0796418 0.00293257 0.00110857
2.64935 0.101736 0.00628553 0.00237248
2.65335 0.115817 0.00339469 0.0012794
2.65734 0.166623 0.0119285 0.00448889
2.66134 0.138988 0.00700294 0.00263136
2.66533 0.111661 0.00420177 0.00157645
2.66933 0.0853156 0.00444522 0.00166529
2.67333 0.108299 0.00710041 0.00265602
2.67732 0.115233 0.00661906 0.00247227
2.68132 0.141516 0.00953023 0.00355431
2.68531 0.137492 0.00955907 0.00355976
2.68931 0.116152 0.00858211 0.00319119
2.69331 0.100093 0.00407708 0.00151378
2.6973 0.131097 0.00780218 0.00289259
2.7013 0.0839254 0.00434756 0.00160943
2.70529 0.115158 0.00576427 0.00213074
2.70929 0.142132 0.00756154 0.00279097
2.71329 0.119599 0.00667692 0.00246082
2.71728 0.11644 0.00672772 0.0024759
2.72128 0.154652 0.00801755 0.00294625
2.72527 0.125774 0.0094224 0.00345741
2.72927 0.15977 0.00903884 0.00331182
2.73327 0.108282 0.00514738 0.00188323
2.73726 0.107272 0.00575092 0.00210097
2.74126 0.0813502 0.00478099 0.00174408
2.74525 0.0710296 0.00302923 0.00110344
2.74925 0.122022 0.00812389 0.00295495
2.75325 0.106666 0.00522983 0.00189951
2.75724 0.0829459 0.0028931 0.00104927
2.76124 0.139827 0.00849293 0.00307577
2.76523 0.105807 0.00446076 0.00161316
2.76923 0.139857 0.0099434 0.00359067
2.77323 0.106814 0.0064875 0.00233933
2.77722 0.0801728 0.00408484 0.00147084
2.78122 0.10615 0.00626958 0.00225426
2.78521 0.0997645 0.00525316 0.00188609
2.78921 0.123865 0.00780154 0.00279704
2.79321 0.0884294 0.00319899 0.00114527
2.7972 0.120428 0.00495819 0.00177255
2.8012 0.0986097 0.00466105 0.00166395
2.80519 0.0892034 0.00476655 0.00169919
2.80919 0.0857415 0.00394045 0.0014027
2.81319 0.0757966 0.00310014 0.001102
2.81718 0.100992 0.00437288 0.00155222
2.82118 0.0833642 0.00406811 0.00144199
2.82517 0.119624 0.00526494 0.00186358
2.82917 0.091488 0.00409284 0.00144666
2.83317 0.0902204 0.00342816 0.00121001
2.83716 0.0763552 0.00400004 0.00140987
2.84116 0.096017 0.00413057 0.00145383
2.84515 0.0717635 0.00309664 0.00108839
2.84915 0.0952104 0.00431174 0.00151334
2.85315 0.0782239 0.00351003 0.00123023
2.85714 0.0798372 0.00320552 0.00112193
2.86114 0.0911298 0.00461882 0.00161433
2.86513 0.0988377 0.00550717 0.00192213
2.86913 0.0819364 0.00415215 0.00144718
2.87313 0.108009 0.00500931 0.00174351
2.87712 0.0697495 0.00262159 0.000911186
2.88112 0.0776027 0.00373535 0.00129649
2.88511 0.0812575 0.00390909 0.00135492
2.88911 0.110907 0.00451727 0.00156355
2.89311 0.0898597 0.00419074 0.00144853
2.8971 0.0777054 0.00285642 0.000985958
2.9011 0.0960271 0.00361626 0.00124651
2.90509 0.0750075 0.00288566 0.000993311
2.90909 0.0693036 0.00247886 0.000852109
2.91309 0.0798873 0.00408462 0.00140216
2.91708 0.0960596 0.00501152 0.00171799
2.92108 0.0805711 0.00306195 0.00104822
2.92507 0.0900301 0.00450493 0.00154011
2.92907 0.100774 0.00452691 0.00154551
2.93307 0.0981989 0.00426771 0.00145503
2.93706 0.0753382 0.00311464 0.00106046
2.94106 0.0758868 0.00383992 0.00130562
2.94505 0.072014 0.00221208 0.000751117
2.94905 0.0761373 0.00307421 0.00104244
2.95305 0.107881 0.00515682 0.00174627
2.95704 0.062981 0.00209328 0.000707895
2.96104 0.0644815 0.00252804 0.000853768
2.96503 0.0775902 0.00312291 0.00105324
2.96903 0.0727179 0.00258559 0.000870852
2.97303 0.0748647 0.00376803 0.0012674
2.97702 0.0732966 0.0030282 0.00101719
2.98102 0.0740757 0.00285286 0.000957009
2.98501 0.0803006 0.00382349 0.00128089
2.98901 0.0901202 0.00529401 0.00177116
2.99301 0.0847846 0.0031219 0.00104306
2.997 0.0917159 0.00357961 0.00119439
3.001 0.073264 0.00328794 0.00109561
3.005 0.0930837 0.00323106 0.00107523
3.00899 0.076746 0.00262923 0.000873792
3.01299 0.0906613 0.00355491 0.00117986
3.01698 0.0840606 0.00352811 0.00116942
3.02098 0.0686448 0.00244848 0.000810492
3.02498 0.0522495 0.00180186 0.000595662
3.02897 0.0695165 0.00312904 0.00103304
3.03297 0.0660195 0.00281133 0.000926925
3.03696 0.0591834 0.00181015 0.00059604
3.04096 0.0726854 0.00350477 0.00115252
3.04496 0.0787224 0.00316838 0.00104053
3.04895 0.0717735 0.00276408 0.000906568
3.05295 0.0795591 0.00309134 0.00101257
3.05694 0.0700326 0.00275781 0.000902147
3.06094 0.0702129 0.00241996 0.000790595
3.06494 0.0840155 0.00325805 0.00106301
3.06893 0.0771743 0.00330996 0.00107854
3.07293 0.0649649 0.00229977 0.000748397
3.07692 0.0716683 0.00313878 0.0010201
3.08092 0.0700701 0.00213168 0.000691897
3.08492 0.0644689 0.00278009 0.000901187
3.08891 0.0674975 0.00269483 0.000872422
3.09291 0.082981 0.00298291 0.000964436
3.0969 0.0727305 0.00212973 0.000687698
3.1009 0.0670516 0.00241536 0.000778921
3.1049 0.068229 0.00295977 0.000953258
3.10889 0.0683392 0.00230832 0.000742489
3.11289 0.0753131 0.00295135 0.000948107
3.11688 0.0748422 0.00308184 0.000988758
3.12088 0.0614404 0.00197388 0.000632474
3.12488 0.0571343 0.00225832 0.000722691
3.12887 0.0706438 0.00299197 0.000956244
3.13287 0.0574599 0.00184778 0.000589806
3.13686 0.0586247 0.00187549 0.000597886
3.14086 0.0617009 0.0019017 0.00060547
3.14486 0.0693412 0.00235285 0.00074816
3.14885 0.0672019 0.00207962 0.000660439
3.15285 0.0706814 0.00250247 0.000793717
3.15684 0.0746969 0.0027429 0.000868873
3.16084 0.0717961 0.00243262 0.000769611
3.16484 0.0551077 0.00169326 0.000535022
3.16883 0.0518562 0.00134579 0.000424697
3.17283 0.0633041 0.00216884 0.000683566
3.17682 0.0613477 0.00274252 0.000863291
3.18082 0.0588652 0.00173325 0.000544907
3.18482 0.0617134 0.00204587 0.000642383
3.18881 0.0568236 0.00205042 0.000643004
3.19281 0.0595767 0.00165892 0.00051958
3.1968 0.0592084 0.00167703 0.000524597
3.2008 0.0669464 0.00219854 0.000686873
3.2048 0.0625075 0.00228223 0.000712129
3.20879 0.0529384 0.001558 0.00048554
3.21279 0.0600301 0.00256959 0.000799799
3.21678 0.0588652 0.00208308 0.000647566
3.22078 0.0654233 0.0022233 0.000690299
3.22478 0.0625726 0.0023605 0.00073199
3.22877 0.0569865 0.00147982 0.000458323
3.23277 0.0581288 0.00168109 0.000520017
3.23676 0.0665281 0.00217159 0.000670913
3.24076 0.0522996 0.00159965 0.000493604
3.24476 0.0730361 0.00276108 0.000850938
3.24875 0.0561573 0.00177269 0.000545654
3.25275 0.0648747 0.00202919 0.000623838
3.25674 0.0610396 0.00181801 0.00055823
3.26074 0.0503231 0.00144087 0.000441883
3.26474 0.0610947 0.00182567 0.00055921
3.26873 0.0553783 0.00146691 0.00044877
3.27273 0.0562325 0.00220579 0.00067399
3.27672 0.0606162 0.00185691 0.000566697
3.28072 0.0615656 0.00226796 0.0006913
3.28472 0.0697771 0.00250365 0.000762213
3.28871 0.0619314 0.00196076 0.000596209
3.29271 0.0591483 0.00178665 0.000542609
3.2967 0.0558542 0.00200339 0.000607696
3.3007 0.0601478 0.00217483 0.0006589
3.3047 0.0477179 0.00131312 0.00039735
3.30869 0.0562099 0.00177459 0.000536343
3.31269 0.0637826 0.00239376 0.000722603
3.31668 0.0498422 0.00130891 0.000394644
3.32068 0.0579284 0.00189487 0.000570628
3.32468 0.058512 0.00154001 0.000463206
3.32867 0.0623773 0.0017954 0.000539373
3.33267 0.0638377 0.00230326 0.000691115
3.33666 0.0527455 0.0018237 0.000546564
3.34066 0.0576929 0.00166832 0.000499398
3.34466 0.0479208 0.00171096 0.00051155
3.34865 0.0535321 0.00191488 0.000571837
3.35265 0.0475877 0.00132171 0.000394228
3.35664 0.0537851 0.0015281 0.000455248
3.36064 0.0524825 0.00178125 0.000530034
3.36464 0.0627004 0.00209053 0.000621326
3.36863 0.0604985 0.00228345 0.000677856
3.37263 0.0549073 0.00163884 0.000485924
3.37662 0.0556738 0.00165557 0.000490303
3.38062 0.0591383 0.00198775 0.000587983
3.38462 0.0557239 0.00176026 0.000520076
3.38861 0.0468437 0.00142507 0.000420546
3.39261 0.0545767 0.00137876 0.000406402
3.3966 0.0522595 0.00138516 0.000407807
3.4006 0.0499875 0.00127502 0.000374939
3.4046 0.0575576 0.00149889 0.000440255
3.40859 0.047728 0.00110261 0.00032348
3.41259 0.0487425 0.00153761 0.00045057
3.41658 0.0564003 0.00174477 0.000510678
3.42058 0.062004 0.00242397 0.000708642
3.42458 0.056488 0.00183459 0.000535715
3.42857 0.0533667 0.00150525 0.000439031
3.43257 0.0526904 0.00173958 0.000506786
3.43656 0.0458592 0.00124417 0.000362039
3.44056 0.0513026 0.00150138 0.000436376
3.44456 0.048264 0.00130728 0.000379519
3.44855 0.0574724 0.00193848 0.000562115
3.45255 0.0602154 0.00198875 0.000576024
3.45654 0.0525075 0.00160921 0.000465555
3.46054 0.0514078 0.00144994 0.000418993
3.46454 0.0544339 0.00153399 0.00044277
3.46853 0.0574198 0.00204734 0.000590262
3.47253 0.0538477 0.00141544 0.000407612
3.47652 0.0569414 0.00168866 0.000485731
3.48052 0.0496318 0.00132374 0.000380327
3.48452 0.0503557 0.00145951 0.000418856
3.48851 0.0517811 0.00140989 0.000404152
3.49251 0.0502154 0.00126481 0.000362149
3.4965 0.0515907 0.00133555 0.000381967
3.5005 0.0467936 0.00101265 0.000289289
3.5045 0.0590932 0.00198261 0.000565733
3.50849 0.0493061 0.00145417 0.000414472
3.51249 0.0487575 0.00132049 0.000375942
3.51648 0.0473697 0.00131079 0.000372756
3.52048 0.0498447 0.00127812 0.000363054
3.52448 0.0485546 0.00145168 0.000411885
3.52847 0.0566032 0.00165784 0.000469845
3.53247 0.0458868 0.00131226 0.000371484
3.53646 0.0475651 0.00126876 0.000358765
3.54046 0.0426678 0.00103664 0.000292797
3.54446 0.0487826 0.00131628 0.000371364
3.54845 0.0505586 0.00163697 0.00046132
3.55245 0.0490957 0.00130407 0.00036709
3.55644 0.0556112 0.00173862 0.000488864
3.56044 0.0506764 0.00131387 0.000369018
3.56444 0.0565656 0.0017081 0.000479207
3.56843 0.0461974 0.00108568 0.000304244
3.57243 0.0485822 0.00133686 0.000374215
3.57642 0.0498272 0.00145145 0.000405838
3.58042 0.0486323 0.00131475 0.000367205
3.58442 0.0478156 0.00128487 0.00035846
3.58841 0.0497194 0.00120776 0.000336571
3.59241 0.0496994 0.001263 0.000351575
3.5964 0.0488652 0.0014325 0.000398314
3.6004 0.0425125 0.00105006 0.00029165
3.6044 0.0468262 0.00115762 0.000321169
3.60839 0.0533592 0.00168657 0.000467401
3.61239 0.0514153 0.00136162 0.000376931
3.61638 0.0464379 0.001338 0.000369982
3.62038 0.0495767 0.00154493 0.000426733
3.62438 0.0491909 0.00149351 0.000412075
3.62837 0.0453106 0.00115602 0.000318604
3.63237 0.0524875 0.00147249 0.000405381
3.63636 0.0512149 0.00130583 0.000359103
3.64036 0.0453457 0.00109583 0.000301022
3.64436 0.0465807 0.0013116 0.000359899
3.64835 0.0463277 0.00114946 0.000315064
3.65235 0.0544163 0.00163757 0.000448362
3.65634 0.0504108 0.00121533 0.00033239
3.66034 0.0460095 0.00120776 0.000329958
3.66434 0.0538477 0.00159351 0.00043487
3.66833 0.0479709 0.00134588 0.000366892
3.67233 0.0451278 0.0012038 0.000327803
3.67632 0.0441458 0.000926417 0.000251995
3.68032 0.051002 0.00144659 0.00039306
3.68432 0.0436999 0.00110004 0.000298574
3.68831 0.0439003 0.00133076 0.000360804
3.69231 0.0456713 0.00109716 0.000297146
3.6963 0.0511799 0.00143716 0.000388811
3.7003 0.0497069 0.00132881 0.000359108
3.7043 0.0472595 0.0013384 0.000361309
3.70829 0.0513828 0.00163621 0.00044123
3.71229 0.0414178 0.000996728 0.000268494
3.71628 0.0544213 0.00140012 0.000376752
3.72028 0.0470566 0.00114594 0.000308024
3.72428 0.0473547 0.00151266 0.000406164
3.72827 0.0479233 0.00117681 0.000315645
3.73227 0.0438327 0.00111554 0.000298892
3.73626 0.0458041 0.00095136 0.000254629
3.74026 0.0422395 0.00104196 0.00027858
3.74426 0.0452806 0.00120023 0.000320553
3.74825 0.0406939 0.000989684 0.000264039
3.75225 0.0490356 0.00121131 0.000322822
3.75624 0.0407665 0.000915981 0.000243855
3.76024 0.04377 0.00104871 0.000278895
3.76424 0.0433968 0.000973774 0.000258691
3.76823 0.0399098 0.00095659 0.000253856
3.77223 0.0479634 0.00131464 0.000348504
3.77622 0.0483166 0.00123099 0.000325986
3.78022 0.0426127 0.0010754 0.00028448
3.78422 0.0479734 0.0013265 0.000350534
3.78821 0.0473522 0.00110125 0.000290704
3.79221 0.0456789 0.00106974 0.000282088
3.7962 0.0505661 0.00154574 0.000407181
3.8002 0.0450125 0.00105202 0.000276834
3.8042 0.0419564 0.00102333 0.000269001
3.80819 0.0447971 0.00116596 0.000306171
3.81219 0.0443662 0.00111679 0.000292952
3.81618 0.0498948 0.00151109 0.00039597
3.82018 0.0490456 0.00145994 0.000382166
3.82418 0.0416708 0.00124661 0.000325982
3.82817 0.0451904 0.00101977 0.000266386
3.83217 0.0468913 0.00125107 0.000326465
3.83616 0.0466483 0.00115665 0.000301512
3.84016 0.049742 0.00134408 0.000350005
3.84416 0.0420942 0.00122077 0.000317564
3.84815 0.0420817 0.00101058 0.000262616
3.85215 0.0434444 0.00108853 0.000282577
3.85614 0.0450376 0.0010974 0.000284586
3.86014 0.0419238 0.000922352 0.000238943
3.86414 0.0385621 0.000904039 0.000233956
3.86813 0.0445391 0.00100611 0.000260103
3.87213 0.045516 0.0010258 0.00026492
3.87612 0.0435571 0.00116298 0.000300037
3.88012 0.0386799 0.000782048 0.000201552
3.88412 0.0431187 0.0012025 0.000309593
3.88811 0.0429284 0.00105708 0.000271874
3.89211 0.0412174 0.000936257 0.000240553
3.8961 0.0412926 0.000931875 0.000239181
3.9001 0.0502054 0.00135844 0.000348309
3.9041 0.0407064 0.000949919 0.000243313
3.90809 0.0483166 0.00136416 0.000349061
3.91209 0.0452781 0.00123227 0.00031499
3.91608 0.0463226 0.00123799 0.000316131
3.92008 0.040734 0.000975943 0.00024896
3.92408 0.0413527 0.00095456 0.000243257
3.92807 0.0451503 0.00102992 0.000262194
3.93207 0.0445641 0.00103992 0.000264471
3.93606 0.0402505 0.000866306 0.000220095
3.94006 0.0419765 0.00104299 0.000264715
3.94406 0.0418362 0.00108851 0.000275988
3.94805 0.0476403 0.001279 0.000323958
3.95205 0.0399775 0.000909755 0.000230198
3.95604 0.0438327 0.000997981 0.000252267
3.96004 0.0420641 0.000967303 0.000244266
3.96404 0.0426353 0.00108181 0.000272907
3.96803 0.0445566 0.00103684 0.000261298
3.97203 0.0381187 0.000804541 0.000202552
3.97602 0.0502806 0.00139031 0.000349674
3.98002 0.0388828 0.000838481 0.000210672
3.98402 0.0424198 0.00114178 0.00028659
3.98801 0.041766 0.000966689 0.000242399
3.99201 0.0399399 0.000785557 0.000196782
3.996 0.0447244 0.00101759 0.000254653
4 0.0406563 0.000890236 0.000222559
