0 1 0 nan
0.003996 1 0 0
0.00799201 1 0 0
0.011988 1 0 0
0.015984 1 0 0
0.01998 1 0 0
0.023976 1 0 0
0.027972 1 0 0
0.031968 1 0 0
0.035964 1 0 0
0.03996 1 0 0
0.043956 1 0 0
0.047952 1 0 0
0.0519481 1 0 0
0.0559441 1 0 0
0.0599401 1 0 0
0.0639361 1 0 0
0.0679321 1 0 0
0.0719281 1 0 0
0.0759241 1 0 0
0.0799201 1 0 0
0.0839161 1 0 0
0.0879121 1 0 0
0.0919081 1 0 0
0.0959041 1 0 0
0.0999001 1 0 0
0.103896 1 0 0
0.107892 1 0 0
0.111888 1 0 0
0.115884 1 0 0
0.11988 1 0 0
0.123876 1 0 0
0.127872 1 0 0
0.131868 1 0 0
0.135864 1 0 0
0.13986 1 0 0
0.143856 1 0 0
0.147852 1 0 0
0.151848 1 0 0
0.155844 1 0 0
0.15984 1 0 0
0.163836 1 0 0
0.167832 1 0 0
0.171828 1 0 0
0.175824 1 0 0
0.17982 1 0 0
0.183816 1 0 0
0.187812 1 0 0
0.191808 1 0 0
0.195804 1 0 0
0.1998 1 0 0
0.203796 1 0 0
0.207792 1 0 0
0.211788 1 0 0
0.215784 1 0 0
0.21978 1 0 0
0.223776 1 0 0
0.227772 1 0 0
0.231768 1 0 0
0.235764 1 0 0
0.23976 1 0 0
0.243756 1 0 0
0.247752 1 0 0
0.251748 1 0 0
0.255744 1 0 0
0.25974 1 0 0
0.263736 1 0 0
0.267732 1 0 0
0.271728 1 0 0
0.275724 1 0 0
0.27972 1 0 0
0.283716 1 0 0
0.287712 1 0 0
0.291708 1 0 0
0.295704 1 0 0
0.2997 1 0 0
0.303696 1 0 0
0.307692 1 0 0
0.311688 1 0 0
0.315684 1 0 0
0.31968 1 0 0
0.323676 1 0 0
0.327672 1 0 0
0.331668 1 0 0
0.335664 1 0 0
0.33966 1 0 0
0.343656 1 0 0
0.347652 1 0 0
0.351648 1 0 0
0.355644 1 0 0
0.35964 1 0 0
0.363636 1 0 0
0.367632 1 0 0
0.371628 1 0 0
0.375624 1 0 0
0.37962 1 0 0
0.383616 1 0 0
0.387612 1 0 0
0.391608 1 0 0
0.395604 1 0 0
0.3996 1 0 0
0.403596 1 0 0
0.407592 1 0 0
0.411588 1 0 0
0.415584 1 0 0
0.41958 1 0 0
0.423576 1 0 0
0.427572 1 0 0
0.431568 1 0 0
0.435564 1 0 0
0.43956 1 0 0
0.443556 1 0 0
0.447552 1 0 0
0.451548 1 0 0
0.455544 1 0 0
0.45954 1 0 0
0.463536 1 0 0
0.467532 1 0 0
0.471528 1 0 0
0.475524 1 0 0
0.47952 1 0 0
0.483516 1 0 0
0.487512 1 0 0
0.491508 1 0 0
0.495504 1 0 0
0.4995 1 0 0
0.503497 0.999992 6.34857e-09 1.2609e-08
0.507493 1 1.27225e-11 2.50693e-11
0.511489 1 2.55351e-14 4.99232e-14
0.515485 1 0 0
0.519481 1 0 0
0.523477 1 0 0
0.527473 1 0 0
0.531469 1 0 0
0.535465 1 0 0
0.539461 1 0 0
0.543457 1 0 0
0.547453 1 0 0
0.551449 0.999997 2.55485e-09 4.63298e-09
0.555445 1 5.1199e-12 9.21767e-12
0.559441 1 1.02141e-14 1.82576e-14
0.563437 1 0 0
0.567433 0.999998 1.27999e-09 2.25577e-09
0.571429 0.999994 5.0917e-09 8.91048e-09
0.575425 0.999998 1.2902e-09 2.24217e-09
0.579421 1 2.58571e-12 4.46258e-12
0.583417 0.999997 2.55485e-09 4.37913e-09
0.587413 0.999997 2.55997e-09 4.35804e-09
0.591409 1 5.13034e-12 8.67478e-12
0.595405 1 1.02141e-14 1.71548e-14
0.599401 0.999997 2.55485e-09 4.26234e-09
0.603397 0.999998 1.28511e-09 2.1298e-09
0.607393 0.999997 2.55742e-09 4.2105e-09
0.611389 0.999997 2.55997e-09 4.18715e-09
0.615385 1 5.13034e-12 8.3368e-12
0.619381 1 1.02141e-14 1.64908e-14
0.623377 0.999997 2.55485e-09 4.0984e-09
0.627373 0.999997 2.55997e-09 4.08046e-09
0.631369 0.999998 1.28513e-09 2.03546e-09
0.635365 0.999989 8.85459e-09 1.39362e-08
0.639361 0.999987 1.01138e-08 1.58186e-08
0.643357 1 2.0268e-11 3.15035e-11
0.647353 0.999998 1.28004e-09 1.97734e-09
0.651349 0.999974 1.98656e-08 3.04992e-08
0.655345 0.999995 3.86437e-09 5.8967e-09
0.659341 0.999986 1.13426e-08 1.7203e-08
0.663337 0.999995 3.84729e-09 5.79991e-09
0.667333 0.999997 2.56256e-09 3.84e-09
0.671329 0.999971 2.99539e-08 4.46189e-08
0.675325 0.999992 6.4086e-09 9.48965e-09
0.679321 0.999982 1.38101e-08 2.03292e-08
0.683317 0.99996 3.04854e-08 4.46138e-08
0.687313 0.999982 1.38583e-08 2.0163e-08
0.691309 0.99999 7.63063e-09 1.1038e-08
0.695305 0.999979 1.62543e-08 2.33772e-08
0.699301 0.999987 1.01286e-08 1.44839e-08
0.703297 0.999974 2.24485e-08 3.19189e-08
0.707293 0.999976 1.87052e-08 2.64461e-08
0.711289 0.999979 1.62765e-08 2.28831e-08
0.715285 0.999952 3.61963e-08 5.06041e-08
0.719281 0.999976 1.87327e-08 2.60437e-08
0.723277 0.999971 2.22909e-08 3.08194e-08
0.727273 0.999987 1.01407e-08 1.39435e-08
0.731269 0.999958 3.41946e-08 4.67607e-08
0.735265 0.999981 1.50892e-08 2.05221e-08
0.739261 0.999963 2.81696e-08 3.8105e-08
0.743257 0.999965 2.70289e-08 3.63655e-08
0.747253 0.99996 3.05119e-08 4.08321e-08
0.751249 0.999944 4.69326e-08 6.24728e-08
0.755245 0.999941 4.65954e-08 6.16958e-08
0.759241 0.999933 5.19923e-08 6.84793e-08
0.763237 0.999939 4.76953e-08 6.24909e-08
0.767233 0.999955 4.16877e-08 5.43351e-08
0.771229 0.999954 3.51163e-08 4.5533e-08
0.775225 0.999941 4.65717e-08 6.00751e-08
0.779221 0.999934 5.34881e-08 6.86431e-08
0.783217 0.999925 6.24054e-08 7.96783e-08
0.787213 0.999945 4.33262e-08 5.50374e-08
0.791209 0.999909 9.04935e-08 1.14374e-07
0.795205 0.999933 5.20803e-08 6.54929e-08
0.799201 0.999917 6.24129e-08 7.80941e-08
0.803197 0.999936 4.73153e-08 5.89087e-08
0.807193 0.999918 6.13855e-08 7.60481e-08
0.811189 0.999894 9.66624e-08 1.19161e-07
0.815185 0.999862 1.14571e-07 1.40546e-07
0.819181 0.999877 1.01704e-07 1.24153e-07
0.823177 0.999867 1.17167e-07 1.42335e-07
0.827173 0.99987 1.15475e-07 1.39603e-07
0.831169 0.999904 8.33231e-08 1.00248e-07
0.835165 0.999861 9.99912e-08 1.19726e-07
0.839161 0.999878 9.82202e-08 1.17046e-07
0.843157 0.999848 1.29625e-07 1.53738e-07
0.847153 0.99984 1.43856e-07 1.69811e-07
0.851149 0.999859 1.0351e-07 1.21613e-07
0.855145 0.999803 1.42163e-07 1.66245e-07
0.859141 0.99983 1.25313e-07 1.45859e-07
0.863137 0.999808 1.6845e-07 1.9516e-07
0.867133 0.999792 1.80066e-07 2.07657e-07
0.871129 0.999795 1.78851e-07 2.05309e-07
0.875125 0.999742 2.14616e-07 2.45241e-07
0.879121 0.999764 1.97554e-07 2.24718e-07
0.883117 0.999798 1.85322e-07 2.0985e-07
0.887113 0.999785 1.72256e-07 1.94176e-07
0.891109 0.999753 2.06162e-07 2.31355e-07
0.895105 0.999766 1.91878e-07 2.14363e-07
0.899101 0.999651 3.01481e-07 3.35314e-07
0.903097 0.999678 2.57163e-07 2.84757e-07
0.907093 0.999659 2.80217e-07 3.08918e-07
0.911089 0.999687 2.47837e-07 2.72023e-07
0.915085 0.999687 2.75989e-07 3.01599e-07
0.919081 0.999617 3.01352e-07 3.27884e-07
0.923077 0.999651 3.14527e-07 3.40737e-07
0.927073 0.999574 3.72836e-07 4.02165e-07
0.931069 0.999591 3.19707e-07 3.43377e-07
0.935065 0.999572 3.41978e-07 3.65726e-07
0.939061 0.999602 3.42804e-07 3.6505e-07
0.943057 0.999572 3.6511e-07 3.87156e-07
0.947053 0.999642 3.07704e-07 3.24907e-07
0.951049 0.999588 3.52857e-07 3.71019e-07
0.955045 0.999575 3.26823e-07 3.42207e-07
0.959041 0.999574 3.31819e-07 3.4599e-07
0.963037 0.999524 3.78032e-07 3.92542e-07
0.967033 0.999469 4.66892e-07 4.82808e-07
0.971029 0.999357 6.38054e-07 6.57091e-07
0.975025 0.999445 4.06682e-07 4.17099e-07
0.979021 0.999335 5.54703e-07 5.6659e-07
0.983017 0.999346 5.32613e-07 5.41814e-07
0.987013 0.999351 5.60641e-07 5.68018e-07
0.991009 0.999372 5.60394e-07 5.65478e-07
0.995005 0.999312 5.52857e-07 5.55633e-07
0.999001 0.999277 6.6212e-07 6.62782e-07
1.003 0.999279 6.89023e-07 6.86965e-07
1.00699 0.999275 6.38268e-07 6.33836e-07
1.01099 0.999131 7.54523e-07 7.46321e-07
1.01499 0.999134 7.34666e-07 7.2382e-07
1.01898 0.999299 6.66221e-07 6.53811e-07
1.02298 0.999226 7.54825e-07 7.37871e-07
1.02697 0.999181 7.2964e-07 7.10476e-07
1.03097 0.999198 6.49155e-07 6.29655e-07
1.03497 0.998879 1.06306e-06 1.02715e-06
1.03896 0.998998 8.12948e-07 7.82462e-07
1.04296 0.999033 7.56194e-07 7.25048e-07
1.04695 0.999003 8.38622e-07 8.01012e-07
1.05095 0.998972 9.14343e-07 8.70016e-07
1.05495 0.998849 1.02389e-06 9.70563e-07
1.05894 0.998798 1.17014e-06 1.10501e-06
1.06294 0.998884 8.32455e-07 7.83165e-07
1.06693 0.998782 9.46258e-07 8.86896e-07
1.07093 0.998772 1.19999e-06 1.12051e-06
1.07493 0.998676 1.30128e-06 1.21057e-06
1.07892 0.998748 1.13721e-06 1.05402e-06
1.08292 0.998698 1.15488e-06 1.06645e-06
1.08691 0.998592 1.09396e-06 1.00648e-06
1.09091 0.998596 1.38502e-06 1.2696e-06
1.09491 0.998604 1.26569e-06 1.15598e-06
1.0989 0.998536 1.41146e-06 1.28443e-06
1.1029 0.998448 1.38312e-06 1.25408e-06
1.10689 0.998325 1.42202e-06 1.2847e-06
1.11089 0.99831 1.51848e-06 1.3669e-06
1.11489 0.998365 1.5614e-06 1.4005e-06
1.11888 0.998315 1.5491e-06 1.3845e-06
1.12288 0.998177 1.73493e-06 1.54507e-06
1.12687 0.998206 1.59086e-06 1.41174e-06
1.13087 0.998014 1.66873e-06 1.47562e-06
1.13487 0.998111 1.65923e-06 1.46205e-06
1.13886 0.997958 1.99559e-06 1.75227e-06
1.14286 0.997797 2.09032e-06 1.82903e-06
1.14685 0.997903 2.10685e-06 1.83707e-06
1.15085 0.997788 2.10964e-06 1.83312e-06
1.15485 0.997629 2.57879e-06 2.23301e-06
1.15884 0.997781 1.89235e-06 1.63297e-06
1.16284 0.997712 2.17669e-06 1.87188e-06
1.16683 0.997675 2.08285e-06 1.78505e-06
1.17083 0.997638 1.9958e-06 1.7046e-06
1.17483 0.997427 2.37755e-06 2.02375e-06
1.17882 0.997345 2.68319e-06 2.27617e-06
1.18282 0.997435 2.51631e-06 2.12738e-06
1.18681 0.997432 2.15322e-06 1.81429e-06
1.19081 0.997353 2.30841e-06 1.93852e-06
1.19481 0.997089 2.65065e-06 2.21848e-06
1.1988 0.997116 2.74131e-06 2.28671e-06
1.2028 0.997145 3.03282e-06 2.52147e-06
1.20679 0.996983 2.83023e-06 2.34525e-06
1.21079 0.99714 2.58867e-06 2.138e-06
1.21479 0.996978 2.8657e-06 2.35902e-06
1.21878 0.996705 2.98132e-06 2.44615e-06
1.22278 0.996855 2.8426e-06 2.32471e-06
1.22677 0.996601 3.53171e-06 2.87886e-06
1.23077 0.996192 3.64333e-06 2.96021e-06
1.23477 0.996487 3.28656e-06 2.66169e-06
1.23876 0.996231 3.211e-06 2.59211e-06
1.24276 0.996067 3.78803e-06 3.04809e-06
1.24675 0.996151 3.20668e-06 2.57203e-06
1.25075 0.996303 3.46347e-06 2.76912e-06
1.25475 0.996223 4.22181e-06 3.36467e-06
1.25874 0.995885 4.13526e-06 3.28523e-06
1.26274 0.995889 3.40383e-06 2.69559e-06
1.26673 0.9957 4.23534e-06 3.34351e-06
1.27073 0.995649 4.3883e-06 3.45337e-06
1.27473 0.995376 4.53337e-06 3.55635e-06
1.27872 0.995474 4.40367e-06 3.44381e-06
1.28272 0.995134 4.68202e-06 3.65008e-06
1.28671 0.99528 5.31278e-06 4.12895e-06
1.29071 0.995129 5.31549e-06 4.11827e-06
1.29471 0.995012 5.65851e-06 4.3705e-06
1.2987 0.994738 5.21314e-06 4.01412e-06
1.3027 0.994785 5.17222e-06 3.97039e-06
1.30669 0.994503 5.9612e-06 4.56205e-06
1.31069 0.994605 5.75677e-06 4.39217e-06
1.31469 0.994179 6.35746e-06 4.83573e-06
1.31868 0.994413 5.60969e-06 4.25402e-06
1.32268 0.994305 5.14666e-06 3.8911e-06
1.32667 0.994219 5.75288e-06 4.33632e-06
1.33067 0.99399 5.84036e-06 4.38904e-06
1.33467 0.993606 6.89647e-06 5.16719e-06
1.33866 0.993845 6.31389e-06 4.71657e-06
1.34266 0.993635 5.72652e-06 4.26506e-06
1.34665 0.993632 6.63105e-06 4.9241e-06
1.35065 0.993417 5.76682e-06 4.26966e-06
1.35465 0.993385 6.90152e-06 5.0947e-06
1.35864 0.992927 8.08436e-06 5.95033e-06
1.36264 0.99301 6.84023e-06 5.01985e-06
1.36663 0.992927 7.87133e-06 5.75965e-06
1.37063 0.99256 8.45622e-06 6.16959e-06
1.37463 0.992147 8.30878e-06 6.04439e-06
1.37862 0.992362 7.93988e-06 5.75929e-06
1.38262 0.992276 8.32528e-06 6.02139e-06
1.38661 0.992197 9.61371e-06 6.93323e-06
1.39061 0.991412 8.88574e-06 6.38982e-06
1.39461 0.991828 8.15191e-06 5.84531e-06
1.3986 0.991711 8.78019e-06 6.27784e-06
1.4026 0.991402 9.4216e-06 6.71725e-06
1.40659 0.991187 1.0959e-05 7.79116e-06
1.41059 0.990826 9.79794e-06 6.94599e-06
1.41459 0.990721 9.98753e-06 7.06039e-06
1.41858 0.990487 9.64458e-06 6.79875e-06
1.42258 0.990458 9.28125e-06 6.52425e-06
1.42657 0.990519 1.09653e-05 7.68648e-06
1.43057 0.990217 1.30374e-05 9.11343e-06
1.43457 0.990421 1.13905e-05 7.94004e-06
1.43856 0.989305 1.09351e-05 7.6014e-06
1.44256 0.989539 1.2377e-05 8.5799e-06
1.44655 0.989241 1.40579e-05 9.71822e-06
1.45055 0.989129 1.16851e-05 8.05566e-06
1.45455 0.989432 1.33863e-05 9.20311e-06
1.45854 0.988417 1.66136e-05 1.13906e-05
1.46254 0.988543 1.4422e-05 9.86095e-06
1.46653 0.988072 1.21734e-05 8.30082e-06
1.47053 0.988524 1.29715e-05 8.82099e-06
1.47453 0.987917 1.29858e-05 8.80675e-06
1.47852 0.987846 1.28972e-05 8.72307e-06
1.48252 0.987764 1.19379e-05 8.05247e-06
1.48651 0.987147 1.40639e-05 9.46102e-06
1.49051 0.986894 1.75479e-05 1.17731e-05
1.49451 0.987025 1.51376e-05 1.01288e-05
1.4985 0.986464 1.40806e-05 9.39644e-06
1.5025 0.986386 1.68694e-05 1.12276e-05
1.50649 0.986286 1.62491e-05 1.07861e-05
1.51049 0.985906 1.77344e-05 1.17408e-05
1.51449 0.985518 1.78552e-05 1.17896e-05
1.51848 0.98548 1.8825e-05 1.23973e-05
1.52248 0.985105 1.73699e-05 1.14089e-05
1.52647 0.984824 2.11029e-05 1.38246e-05
1.53047 0.984994 1.92803e-05 1.25977e-05
1.53447 0.984834 1.86052e-05 1.21249e-05
1.53846 0.984063 1.91885e-05 1.24725e-05
1.54246 0.984046 1.92222e-05 1.24621e-05
1.54645 0.984088 1.93731e-05 1.25274e-05
1.55045 0.983591 2.22871e-05 1.43746e-05
1.55445 0.983424 1.78373e-05 1.1475e-05
1.55844 0.982469 2.14537e-05 1.37661e-05
1.56244 0.982993 2.13793e-05 1.36833e-05
1.56643 0.982828 2.03589e-05 1.29969e-05
1.57043 0.982504 2.09524e-05 1.33418e-05
1.57443 0.981294 2.46851e-05 1.56788e-05
1.57842 0.981927 2.12716e-05 1.34765e-05
1.58242 0.981783 2.64532e-05 1.67169e-05
1.58641 0.980218 2.73395e-05 1.72335e-05
1.59041 0.980298 2.69895e-05 1.69702e-05
1.59441 0.980115 3.10275e-05 1.94603e-05
1.5984 0.980136 2.17895e-05 1.36321e-05
1.6024 0.979739 2.66232e-05 1.66146e-05
1.60639 0.979006 2.81924e-05 1.75501e-05
1.61039 0.979405 2.63275e-05 1.63485e-05
1.61439 0.978676 2.76904e-05 1.71523e-05
1.61838 0.978196 2.9681e-05 1.834e-05
1.62238 0.977911 2.90693e-05 1.79177e-05
1.62637 0.978228 2.63304e-05 1.61896e-05
1.63037 0.976747 3.2377e-05 1.98587e-05
1.63437 0.977244 2.5805e-05 1.5789e-05
1.63836 0.976771 3.14968e-05 1.92246e-05
1.64236 0.975769 3.78429e-05 2.30418e-05
1.64635 0.976584 3.04142e-05 1.84737e-05
1.65035 0.975421 3.33459e-05 2.02053e-05
1.65435 0.975634 3.24693e-05 1.96267e-05
1.65834 0.97491 3.28389e-05 1.98023e-05
1.66234 0.973861 3.23502e-05 1.94607e-05
1.66633 0.975067 3.32591e-05 1.99595e-05
1.67033 0.973494 3.73114e-05 2.23378e-05
1.67433 0.973815 3.54633e-05 2.11807e-05
1.67832 0.97239 3.85771e-05 2.29855e-05
1.68232 0.973076 3.63979e-05 2.16356e-05
1.68631 0.972292 4.64705e-05 2.75575e-05
1.69031 0.971511 4.04793e-05 2.39478e-05
1.69431 0.970302 5.01673e-05 2.96093e-05
1.6983 0.970459 4.31335e-05 2.5398e-05
1.7023 0.970323 4.27412e-05 2.51079e-05
1.70629 0.968842 5.75326e-05 3.37179e-05
1.71029 0.970374 4.48736e-05 2.62374e-05
1.71429 0.969244 5.25536e-05 3.06562e-05
1.71828 0.968656 4.87296e-05 2.83595e-05
1.72228 0.968579 5.54914e-05 3.22198e-05
1.72627 0.966982 5.11867e-05 2.96516e-05
1.73027 0.96766 4.69649e-05 2.71431e-05
1.73427 0.966972 5.55004e-05 3.20023e-05
1.73826 0.964579 7.02904e-05 4.04372e-05
1.74226 0.965127 5.98322e-05 3.43418e-05
1.74625 0.966012 4.95662e-05 2.83843e-05
1.75025 0.964973 6.69808e-05 3.82693e-05
1.75425 0.963598 7.28848e-05 4.15477e-05
1.75824 0.964378 6.42979e-05 3.65694e-05
1.76224 0.963362 4.60069e-05 2.61071e-05
1.76623 0.96202 6.8928e-05 3.90254e-05
1.77023 0.962091 6.50672e-05 3.67563e-05
1.77423 0.962379 5.97474e-05 3.36752e-05
1.77822 0.962123 5.90447e-05 3.32043e-05
1.78222 0.962052 7.16632e-05 4.02101e-05
1.78621 0.960502 5.82344e-05 3.26022e-05
1.79021 0.959445 6.49761e-05 3.62953e-05
1.79421 0.957805 7.66008e-05 4.26934e-05
1.7982 0.957053 7.11614e-05 3.95736e-05
1.8022 0.958127 6.52662e-05 3.62148e-05
1.80619 0.95827 8.01037e-05 4.43494e-05
1.81019 0.955923 9.00239e-05 4.97318e-05
1.81419 0.956984 9.00914e-05 4.96594e-05
1.81818 0.954684 9.37132e-05 5.15422e-05
1.82218 0.952491 9.02218e-05 4.95131e-05
1.82617 0.95239 9.98575e-05 5.46813e-05
1.83017 0.954075 8.51962e-05 4.6551e-05
1.83417 0.953061 9.20765e-05 5.02007e-05
1.83816 0.952588 8.20469e-05 4.46353e-05
1.84216 0.950607 9.67976e-05 5.25457e-05
1.84615 0.948502 9.94603e-05 5.38743e-05
1.85015 0.951726 7.89391e-05 4.26663e-05
1.85415 0.948827 7.9865e-05 4.30738e-05
1.85814 0.949983 8.64261e-05 4.65121e-05
1.86214 0.945626 0.000102429 5.50061e-05
1.86613 0.946668 0.000112936 6.0519e-05
1.87013 0.946413 9.1632e-05 4.89977e-05
1.87413 0.946302 0.000120677 6.43913e-05
1.87812 0.946464 0.000157575 8.39004e-05
1.88212 0.942487 0.000126561 6.72442e-05
1.88611 0.940784 0.000138003 7.31681e-05
1.89011 0.942193 0.000113837 6.02277e-05
1.89411 0.942025 0.000132089 6.97369e-05
1.8981 0.940872 0.000117618 6.19661e-05
1.9021 0.939224 0.000124381 6.53915e-05
1.90609 0.938854 0.00019088 0.000100142
1.91009 0.936202 0.000131456 6.88218e-05
1.91409 0.938495 0.000134548 7.02936e-05
1.91808 0.934313 0.000176671 9.21083e-05
1.92208 0.935934 0.000170614 8.87654e-05
1.92607 0.935915 0.000182286 9.46411e-05
1.93007 0.933095 0.000153145 7.93467e-05
1.93407 0.934033 0.000158927 8.21724e-05
1.93806 0.928436 0.000154657 7.97998e-05
1.94206 0.932649 0.000147667 7.60362e-05
1.94605 0.929512 0.000178299 9.16209e-05
1.95005 0.928184 0.000143713 7.3697e-05
1.95405 0.927699 0.000191597 9.80514e-05
1.95804 0.92657 0.000215251 0.000109932
1.96204 0.926878 0.000167516 8.53787e-05
1.96603 0.923913 0.000213511 0.0001086
1.97003 0.927404 0.000157525 7.99607e-05
1.97403 0.92568 0.000176326 8.9323e-05
1.97802 0.922288 0.000155762 7.87463e-05
1.98202 0.918305 0.000276964 0.000139738
1.98601 0.92043 0.000176695 8.89696e-05
1.99001 0.918419 0.000200921 0.000100965
1.99401 0.918402 0.00023851 0.000119613
1.998 0.913829 0.000342705 0.000171524
2.002 0.911333 0.000297358 0.000148531
2.00599 0.917565 0.000234617 0.000116958
2.00999 0.912826 0.000211526 0.000105237
2.01399 0.904745 0.00040859 0.000202876
2.01798 0.908688 0.000265851 0.000131741
2.02198 0.911024 0.000264813 0.000130967
2.02597 0.90552 0.000320522 0.000158206
2.02997 0.905998 0.000342231 0.000168589
2.03397 0.901321 0.000408802 0.000200988
2.03796 0.899942 0.00041719 0.00020471
2.04196 0.890719 0.00050669 0.000248139
2.04595 0.898275 0.000375665 0.000183614
2.04995 0.896491 0.000420968 0.000205355
2.05395 0.901005 0.000254059 0.000123693
2.05794 0.884907 0.000753503 0.000366144
2.06194 0.887174 0.000741634 0.000359678
2.06593 0.899905 0.000301204 0.000145795
2.06993 0.893324 0.000318965 0.000154095
2.07393 0.891792 0.00025599 0.000123433
2.07792 0.888773 0.000334301 0.000160882
2.08192 0.889557 0.000411696 0.000197748
2.08591 0.887078 0.000380721 0.00018252
2.08991 0.881613 0.00041125 0.000196779
2.09391 0.885045 0.000417425 0.000199352
2.0979 0.852133 0.00122417 0.000583519
2.1019 0.885581 0.000439138 0.000208925
2.10589 0.875145 0.000421081 0.000199954
2.10989 0.876019 0.000447289 0.000211996
2.11389 0.875681 0.000466724 0.000220789
2.11788 0.861901 0.00053956 0.000254764
2.12188 0.864091 0.00049372 0.000232681
2.12587 0.868988 0.000525014 0.000246964
2.12987 0.86885 0.000519956 0.000244126
2.13387 0.868146 0.000420092 0.000196869
2.13786 0.864755 0.000547649 0.000256167
2.14186 0.85078 0.00108534 0.000506727
2.14585 0.854992 0.000729418 0.00033992
2.14985 0.855157 0.000823691 0.000383139
2.15385 0.853145 0.00109065 0.000506373
2.15784 0.830666 0.000969305 0.000449201
2.16184 0.848569 0.000848041 0.000392278
2.16583 0.839901 0.000908917 0.000419661
2.16983 0.817007 0.001498 0.000690375
2.17383 0.83056 0.000933305 0.000429338
2.17782 0.832848 0.00114373 0.000525171
2.18182 0.826531 0.000903102 0.000413922
2.18581 0.804322 0.00156081 0.000714064
2.18981 0.835841 0.000883721 0.00040356
2.19381 0.818018 0.000843147 0.000384331
2.1978 0.827416 0.000803119 0.000365419
2.2018 0.807235 0.000938653 0.000426312
2.20579 0.810156 0.00108213 0.000490587
2.20979 0.802075 0.00159265 0.000720724
2.21379 0.797183 0.00120158 0.000542772
2.21778 0.786557 0.0012387 0.000558533
2.22178 0.806746 0.00202832 0.000912928
2.22577 0.774902 0.00261275 0.00117386
2.22977 0.768545 0.00215143 0.000964867
2.23377 0.783482 0.00132923 0.000595063
2.23776 0.785929 0.00143847 0.000642815
2.24176 0.780255 0.00126059 0.000562322
2.24575 0.750737 0.00579119 0.00257873
2.24975 0.73903 0.00297446 0.00132213
2.25375 0.740895 0.00447735 0.00198663
2.25774 0.725137 0.00359322 0.00159151
2.26174 0.743107 0.00349388 0.00154477
2.26573 0.734572 0.00298058 0.0013155
2.26973 0.760999 0.00176461 0.000777455
2.27373 0.731014 0.00269325 0.00118451
2.27772 0.745954 0.00206971 0.000908673
2.28172 0.762119 0.00133075 0.000583224
2.28571 0.725669 0.00325285 0.00142312
2.28971 0.680608 0.00839195 0.00366507
2.29371 0.68126 0.00274938 0.00119866
2.2977 0.721786 0.00322277 0.00140261
2.3017 0.708077 0.00259595 0.00112784
2.30569 0.672207 0.00331685 0.00143855
2.30969 0.668773 0.00742843 0.0032162
2.31369 0.661348 0.00827053 0.00357461
2.31768 0.713587 0.00537187 0.00231778
2.32168 0.586847 0.00957043 0.0041222
2.32567 0.626073 0.00560098 0.00240833
2.32967 0.655129 0.00294018 0.00126206
2.33367 0.668657 0.00390733 0.00167433
2.33766 0.638748 0.00611543 0.00261604
2.34166 0.655136 0.00360092 0.00153777
2.34565 0.633784 0.00371901 0.00158549
2.34965 0.630429 0.012866 0.00547572
2.35365 0.56266 0.0135713 0.00576607
2.35764 0.564927 0.00821482 0.00348434
2.36164 0.583392 0.00530924 0.00224812
2.36563 0.516845 0.0163155 0.00689688
2.36963 0.603338 0.0076236 0.00321721
2.37363 0.541738 0.00770404 0.00324569
2.37762 0.530402 0.00816459 0.00343393
2.38162 0.515463 0.00749927 0.00314881
2.38561 0.557906 0.010441 0.00437666
2.38961 0.2608 0.0164438 0.00688139
2.39361 0.503251 0.0158508 0.00662214
2.3976 0.54708 0.00353055 0.00147253
2.4016 0.349823 0.0121577 0.00506233
2.40559 0.38643 0.0135488 0.00563222
2.40959 0.40172 0.0215381 0.00893848
2.41359 0.359072 0.00393549 0.00163056
2.41758 0.354193 0.0136955 0.00566497
2.42158 0.193562 0.0186173 0.00768807
2.42557 0.468907 0.00513071 0.00211526
2.42957 0.356715 0.0127525 0.00524888
2.43357 0.175065 0.0110025 0.00452113
2.43756 0.473151 0.0147758 0.0060617
2.44156 0.379099 0.00411084 0.00168369
2.44555 0.219073 0.030067 0.0122945
2.44955 0.451501 0.0116632 0.00476138
2.45355 0.408526 0.0123717 0.00504239
2.45754 0.273549 0.00973088 0.0039596
2.46154 0.344327 0.0154636 0.00628207
2.46553 0.438831 0.00409632 0.00166143
2.46953 0.219173 0.0179571 0.00727145
2.47353 0.239049 0.00867564 0.0035074
2.47752 0.358581 0.00769651 0.00310654
2.48152 0.264454 0.011292 0.00455045
2.48551 0.358693 0.0126753 0.00509967
2.48951 0.338376 0.00727586 0.00292261
2.49351 0.254087 0.0109298 0.0043833
2.4975 0.161626 0.0235752 0.00943953
2.5015 0.206243 0.0110752 0.00442741
2.50549 0.140568 0.00727516 0.00290368
2.50949 0.17604 0.0116426 0.00463941
2.51349 0.170371 0.00769376 0.00306099
2.51748 0.275878 0.0165862 0.0065884
2.52148 0.151378 0.0100289 0.00397739
2.52547 0.268622 0.0108552 0.0042983
2.52947 0.216139 0.0105202 0.00415907
2.53347 0.156779 0.0114204 0.00450783
2.53746 0.269225 0.00599639 0.00236314
2.54146 0.253876 0.0106399 0.00418652
2.54545 0.213792 0.0115765 0.00454793
2.54945 0.184757 0.0140863 0.00552524
2.55345 0.260492 0.0060336 0.00236292
2.55744 0.224467 0.00953974 0.00373019
2.56144 0.182421 0.0047266 0.00184529
2.56543 0.212459 0.00779699 0.00303925
2.56943 0.157319 0.00709031 0.00275949
2.57343 0.165294 0.00766705 0.00297932
2.57742 0.110402 0.00540801 0.00209823
2.58142 0.175309 0.00768524 0.00297714
2.58541 0.124808 0.00521428 0.00201681
2.58941 0.119028 0.00659858 0.00254829
2.59341 0.285557 0.00478741 0.00184599
2.5974 0.100635 0.00955276 0.00367781
2.6014 0.189744 0.00904023 0.00347514
2.60539 0.16189 0.0101452 0.00389392
2.60939 0.0951182 0.00661783 0.00253616
2.61339 0.12405 0.00704552 0.00269593
2.61738 0.148648 0.00596191 0.00227782
2.62138 0.156532 0.00923208 0.00352184
2.62537 0.082291 0.00358543 0.00136568
2.62937 0.139747 0.00649775 0.00247122
2.63337 0.127968 0.00558719 0.00212169
2.63736 0.228903 0.00852421 0.0032321
2.64136 0.0660505 0.00261255 0.000989095
2.64535 0.153924 0.00998482 0.00377447
2.64935 0.151128 0.00976513 0.00368586
2.65335 0.0893772 0.00628273 0.00236785
2.65734 0.136701 0.00819047 0.0030822
2.66134 0.140239 0.00593828 0.00223131
2.66533 0.101382 0.00851795 0.00319583
2.66933 0.111982 0.00536879 0.00201129
2.67333 0.0902461 0.00487898 0.00182506
2.67732 0.112026 0.00418039 0.00156141
2.68132 0.0991727 0.00450048 0.00167846
2.68531 0.0799439 0.00462675 0.00172298
2.68931 0.094921 0.00333734 0.00124096
2.69331 0.126982 0.00686427 0.00254864
2.6973 0.151364 0.00961226 0.00356366
2.7013 0.140224 0.00717483 0.00265607
2.70529 0.132967 0.00500524 0.00185016
2.70929 0.110411 0.00578165 0.00213401
2.71329 0.131339 0.00470055 0.00173242
2.71728 0.0837178 0.0030579 0.00112535
2.72128 0.0971944 0.00748556 0.00275075
2.72527 0.1213 0.00552726 0.00202815
2.72927 0.0751551 0.0028474 0.00104328
2.73327 0.128659 0.00599245 0.00219241
2.73726 0.103684 0.00568648 0.00207743
2.74126 0.107415 0.00332084 0.00121143
2.74525 0.0768657 0.00268788 0.000979101
2.74925 0.0973804 0.00471935 0.0017166
2.75325 0.082578 0.00309853 0.00112541
2.75724 0.136909 0.00607911 0.00220478
2.76124 0.0827607 0.0028229 0.00102233
2.76523 0.0720449 0.00304083 0.00109967
2.76923 0.117804 0.00526696 0.00190196
2.77323 0.0757515 0.00311585 0.00112355
2.77722 0.0852521 0.00336482 0.00121158
2.78122 0.0638717 0.00199737 0.000718162
2.78521 0.0818277 0.00313452 0.00112541
2.78921 0.0749707 0.00356083 0.00127665
2.79321 0.110924 0.0034159 0.00122293
2.7972 0.0861547 0.00365569 0.00130691
2.8012 0.0970758 0.00457598 0.00163358
2.80519 0.0788441 0.00279733 0.000997196
2.80919 0.0791311 0.00368092 0.00131031
2.81319 0.106937 0.00554066 0.00196953
2.81718 0.068784 0.00310551 0.00110235
2.82118 0.0680401 0.00239826 0.000850091
2.82517 0.0913539 0.0043007 0.00152228
2.82917 0.0604842 0.00254446 0.000899365
2.83317 0.0891575 0.0034705 0.00122495
2.83716 0.0882533 0.00319867 0.00112742
2.84116 0.0628537 0.00237214 0.00083492
2.84515 0.0874629 0.00321351 0.00112947
2.84915 0.0742878 0.00302083 0.00106026
2.85315 0.0622557 0.00219331 0.000768735
2.85714 0.0648481 0.00272937 0.000955281
2.86114 0.0873844 0.00351306 0.00122785
2.86513 0.070206 0.00183698 0.000641148
2.86913 0.069584 0.00347317 0.00121053
2.87313 0.0474549 0.00127655 0.000444306
2.87712 0.0837916 0.0030861 0.00107263
2.88112 0.0704721 0.00247268 0.000858237
2.88511 0.0885275 0.00401003 0.0013899
2.88911 0.0889459 0.00384204 0.00132983
2.89311 0.0637082 0.00175667 0.000607193
2.8971 0.0512449 0.00145441 0.000502021
2.9011 0.0777796 0.00259523 0.000894567
2.90509 0.0619575 0.00241487 0.000831253
2.90909 0.057624 0.00221445 0.000761217
2.91309 0.0777138 0.00253348 0.000869687
2.91708 0.0702814 0.0022488 0.000770906
2.92108 0.0653291 0.00165301 0.00056589
2.92507 0.0612778 0.00183535 0.000627455
2.92907 0.0812649 0.00310489 0.00106003
2.93307 0.0526541 0.00145156 0.000494893
2.93706 0.058889 0.00170272 0.000579735
2.94106 0.0586196 0.00177825 0.00060463
2.94505 0.057592 0.00149732 0.000508419
2.94905 0.0586405 0.00192816 0.000653822
2.95305 0.0635383 0.00184667 0.000625344
2.95704 0.0675142 0.00301678 0.0010202
2.96104 0.0638028 0.00229014 0.000773425
2.96503 0.0774814 0.00316288 0.00106673
2.96903 0.0731976 0.00223325 0.000752181
2.97303 0.0693499 0.00253521 0.000852736
2.97702 0.067923 0.00239438 0.000804287
2.98102 0.0661595 0.00206177 0.000691632
2.98501 0.0618581 0.00212182 0.000710824
2.98901 0.0587078 0.00179722 0.000601275
2.99301 0.0685419 0.00210224 0.000702384
2.997 0.0582493 0.0018737 0.000625192
3.001 0.061515 0.00186612 0.000621833
3.005 0.0473234 0.00118796 0.000395329
3.00899 0.0563319 0.00167984 0.000558275
3.01299 0.0650838 0.00211834 0.00070307
3.01698 0.0556008 0.00222743 0.000738299
3.02098 0.0482437 0.00128902 0.000426688
3.02498 0.0482597 0.00123 0.000406617
3.02897 0.0694413 0.00275972 0.000911109
3.03297 0.0614605 0.00247539 0.000816162
3.03696 0.0554389 0.00153387 0.000505068
3.04096 0.063782 0.00165409 0.000543938
3.04496 0.0780216 0.00230404 0.000756675
3.04895 0.0590685 0.0017876 0.0005863
3.05295 0.0567182 0.00149644 0.000490162
3.05694 0.0569299 0.00167313 0.00054732
3.06094 0.0621691 0.00184151 0.000601616
3.06494 0.0498661 0.00130844 0.000426906
3.06893 0.050905 0.0012467 0.000406232
3.07293 0.0496818 0.00130449 0.000424512
3.07692 0.0514004 0.00139244 0.000452544
3.08092 0.0569699 0.00183406 0.000595298
3.08492 0.0518092 0.00161766 0.000524378
3.08891 0.0567343 0.00188214 0.000609321
3.09291 0.0584273 0.00163048 0.000527168
3.0969 0.0576673 0.00199385 0.000643819
3.1009 0.052776 0.00175992 0.000567552
3.1049 0.0494557 0.00129912 0.000418411
3.10889 0.0555607 0.00128865 0.000414505
3.11289 0.0525643 0.00166189 0.000533874
3.11688 0.0519631 0.00155199 0.000497929
3.12088 0.0549082 0.00159802 0.00051204
3.12488 0.0542541 0.00161712 0.0005175
3.12887 0.0523078 0.00150064 0.000479611
3.13287 0.0474966 0.00144507 0.000461262
3.13686 0.0520625 0.00141774 0.000451961
3.14086 0.0596986 0.00176375 0.00056155
3.14486 0.0543824 0.00171659 0.000545842
3.14885 0.0460778 0.00116922 0.000371316
3.15285 0.0579287 0.00157377 0.000499159
3.15684 0.0506277 0.00145543 0.000461041
3.16084 0.0493804 0.00111228 0.000351893
3.16484 0.0536641 0.00167708 0.000529909
3.16883 0.0415615 0.000963139 0.000303941
3.17283 0.0539094 0.00143434 0.00045207
3.17682 0.0502092 0.0010615 0.00033414
3.18082 0.0543936 0.00143911 0.000452433
3.18482 0.0431391 0.00101118 0.000317502
3.18881 0.0588938 0.00200852 0.000629864
3.19281 0.0529042 0.001521 0.000476383
3.1968 0.0431743 0.00106418 0.00033289
3.2008 0.0581852 0.00186805 0.00058362
3.2048 0.0502285 0.00121372 0.000378719
3.20879 0.0426886 0.00102671 0.000319969
3.21279 0.0430958 0.000886713 0.000275995
3.21678 0.0567134 0.00138872 0.00043171
3.22078 0.0518365 0.00170946 0.00053076
3.22478 0.0464657 0.00146275 0.000453598
3.22877 0.0516152 0.00159435 0.000493795
3.23277 0.0474325 0.0013522 0.00041828
3.23676 0.0432786 0.00117873 0.000364169
3.24076 0.0574557 0.00152831 0.000471591
3.24476 0.0480866 0.00112952 0.000348107
3.24875 0.051596 0.00167417 0.000515327
3.25275 0.0448305 0.000949486 0.000291903
3.25674 0.0433363 0.00133387 0.00040957
3.26074 0.0535022 0.00178163 0.00054639
3.26474 0.0510589 0.00125971 0.000385854
3.26873 0.0514212 0.00195274 0.0005974
3.27273 0.0399984 0.000803299 0.000245452
3.27672 0.0483671 0.00163532 0.000499073
3.28072 0.0464064 0.00107975 0.000329121
3.28472 0.0532265 0.0011394 0.000346879
3.28871 0.0463198 0.00113143 0.000344034
3.29271 0.054687 0.00130875 0.000397469
3.2967 0.0418116 0.00141916 0.00043048
3.3007 0.0436986 0.00109842 0.000332783
3.3047 0.0482902 0.00140174 0.000424166
3.30869 0.0368112 0.00100483 0.000303695
3.31269 0.0431054 0.000987627 0.000298135
3.31668 0.0446862 0.00122519 0.000369402
3.32068 0.0524729 0.00139533 0.000420195
3.32468 0.0498309 0.00113791 0.000342261
3.32867 0.0472673 0.00128602 0.000386347
3.33267 0.0420601 0.0011642 0.000349331
3.33666 0.0448914 0.000906373 0.00027164
3.34066 0.0572521 0.00168557 0.000504561
3.34466 0.0412313 0.00101243 0.000302701
3.34865 0.0433764 0.00121992 0.000364301
3.35265 0.0472433 0.00112236 0.00033477
3.35664 0.0557098 0.00163088 0.000485866
3.36064 0.0449283 0.00128894 0.000383539
3.36464 0.040776 0.000928519 0.000275964
3.36863 0.0401828 0.000943289 0.000280021
3.37263 0.0450212 0.00149871 0.000444373
3.37662 0.0493259 0.00130651 0.000386927
3.38062 0.0506629 0.00143141 0.000423418
3.38462 0.0381611 0.00103748 0.000306527
3.38861 0.041887 0.00100281 0.000295934
3.39261 0.0499479 0.00131069 0.000386337
3.3966 0.0464016 0.00141953 0.000417928
3.4006 0.0475543 0.0014194 0.000417396
3.4046 0.0428745 0.000952726 0.000279835
3.40859 0.0357659 0.000693013 0.000203314
3.41259 0.0450469 0.00106877 0.000313183
3.41658 0.0493723 0.00106886 0.000312845
3.42058 0.0469756 0.00122221 0.00035731
3.42458 0.0405467 0.00105443 0.000307901
3.42857 0.0389018 0.00083651 0.000243982
3.43257 0.0464385 0.00114113 0.000332443
3.43656 0.044396 0.00112451 0.00032722
3.44056 0.0413916 0.000882329 0.000256449
3.44456 0.0433844 0.000929643 0.000269888
3.44855 0.0402421 0.000898939 0.000260672
3.45255 0.0460248 0.000976764 0.000282911
3.45654 0.0431968 0.00113832 0.000329322
3.46054 0.0428826 0.00103856 0.000300114
3.46454 0.0450533 0.000985291 0.000284393
3.46853 0.0405419 0.000887523 0.000255879
3.47253 0.0403848 0.00100318 0.000288891
3.47652 0.043317 0.00131842 0.000379236
3.48052 0.0365178 0.000774951 0.000222654
3.48452 0.0399743 0.00102377 0.000293805
3.48851 0.0416112 0.00099081 0.000284021
3.49251 0.0423391 0.00116437 0.00033339
3.4965 0.0467575 0.00139547 0.000399104
3.5005 0.0398413 0.000854191 0.00024402
3.5045 0.0406317 0.00104873 0.000299252
3.50849 0.0400497 0.00103109 0.000293885
3.51249 0.0402036 0.000910924 0.000259339
3.51648 0.0440737 0.00116205 0.000330457
3.52048 0.0383856 0.000908524 0.000258068
3.52448 0.0354982 0.000755718 0.00021442
3.52847 0.0433828 0.000938923 0.000266099
3.53247 0.0385715 0.000843332 0.000238737
3.53646 0.0416593 0.000895764 0.000253294
3.54046 0.0413691 0.000872963 0.000246568
3.54446 0.038485 0.000882204 0.000248897
3.54845 0.0382108 0.000674012 0.000189945
3.55245 0.0397226 0.00105206 0.000296152
3.55644 0.0481908 0.00149141 0.000419355
3.56044 0.0405772 0.00082232 0.00023096
3.56444 0.0403703 0.00102919 0.000288737
3.56843 0.039317 0.000884411 0.000247843
3.57243 0.0439872 0.00112739 0.000315582
3.57642 0.0437772 0.00124098 0.000346989
3.58042 0.0397194 0.00084567 0.000236193
3.58442 0.0424802 0.000864662 0.000241228
3.58841 0.0449635 0.000970558 0.00027047
3.59241 0.0450148 0.00118876 0.000330908
3.5964 0.0374974 0.000917102 0.000255005
3.6004 0.0397627 0.000883409 0.000245364
3.6044 0.0408192 0.000922023 0.000255805
3.60839 0.0421451 0.000904471 0.000250658
3.61239 0.0385491 0.000760052 0.000210402
3.61638 0.0453275 0.00105675 0.000292211
3.62038 0.0428008 0.00102553 0.000283265
3.62438 0.0411062 0.000917034 0.000253019
3.62837 0.0359359 0.000787102 0.00021693
3.63237 0.0417331 0.00111049 0.000305721
3.63636 0.0417555 0.00090599 0.000249147
3.64036 0.0373579 0.000717676 0.000197144
3.64436 0.0424834 0.00121215 0.000332612
3.64835 0.0374637 0.000811387 0.000222398
3.65235 0.0386068 0.000771347 0.000211192
3.65634 0.0422958 0.00100994 0.000276216
3.66034 0.0362902 0.00081213 0.000221873
3.66434 0.0358798 0.000690978 0.000188568
3.66833 0.0396842 0.000942917 0.000257043
3.67233 0.0433555 0.000861237 0.000234521
3.67632 0.0388248 0.000874858 0.000237971
3.68032 0.0409154 0.000810446 0.000220211
3.68432 0.0423535 0.000919581 0.000249593
3.68831 0.0392176 0.000850127 0.000230492
3.69231 0.0327776 0.000576744 0.000156201
3.6963 0.0372072 0.000768792 0.00020799
3.7003 0.0421691 0.00102308 0.000276485
3.7043 0.0395543 0.000815655 0.000220192
3.70829 0.043224 0.000962384 0.000259522
3.71229 0.0421403 0.000952863 0.000256678
3.71628 0.034695 0.000793747 0.000213586
3.72028 0.0367599 0.000692159 0.00018605
3.72428 0.0335535 0.000603027 0.000161918
3.72827 0.0368369 0.00073098 0.000196064
3.73227 0.0326317 0.000631919 0.000169312
3.73626 0.0353315 0.000720127 0.00019274
3.74026 0.0385026 0.000883735 0.000236276
3.74426 0.0368032 0.000808015 0.000215801
3.74825 0.0388377 0.000732668 0.000195469
3.75225 0.0334894 0.000663222 0.000176753
3.75624 0.036606 0.000697513 0.000185694
3.76024 0.0397515 0.000841566 0.000223807
3.76424 0.0334621 0.000606743 0.000161186
3.76823 0.0409299 0.000863305 0.000229101
3.77223 0.0444633 0.00103473 0.000274302
3.77622 0.0384337 0.000939342 0.000248752
3.78022 0.035115 0.000688075 0.00018202
3.78422 0.0347255 0.000641803 0.0001696
3.78821 0.0398958 0.000782513 0.000206565
3.79221 0.0335295 0.000719107 0.000189628
3.7962 0.0350974 0.000675803 0.000178021
3.8002 0.0324361 0.000629229 0.000165578
3.8042 0.0331928 0.000674765 0.000177374
3.80819 0.034222 0.000655943 0.000172245
3.81219 0.0345747 0.000691377 0.00018136
3.81618 0.0395222 0.000757194 0.000198416
3.82018 0.0388649 0.000793893 0.000207816
3.82418 0.035301 0.000812543 0.000212475
3.82817 0.0376273 0.000752655 0.00019661
3.83217 0.0375888 0.000808058 0.000210862
3.83616 0.0336289 0.000534347 0.000139292
3.84016 0.0370613 0.000664082 0.000172931
3.84416 0.0352369 0.000656916 0.000170887
3.84815 0.0349323 0.000702014 0.000182429
3.85215 0.0419142 0.000909867 0.000236197
3.85614 0.0380938 0.000883571 0.000229133
3.86014 0.0357018 0.000732246 0.000189694
3.86414 0.0398798 0.00094761 0.000245232
3.86813 0.0363623 0.000706363 0.000182611
3.87213 0.0344802 0.000620555 0.000160262
3.87612 0.036093 0.000652465 0.000168329
3.88012 0.0322373 0.000703933 0.00018142
3.88412 0.0374333 0.000755382 0.00019448
3.88811 0.037818 0.000818296 0.000210461
3.89211 0.0354934 0.000715177 0.000183751
3.8961 0.0375038 0.000788852 0.000202472
3.9001 0.0341499 0.000611955 0.000156908
3.9041 0.0328048 0.000762574 0.000195327
3.90809 0.0332377 0.000735758 0.000188265
3.91209 0.0333162 0.000635516 0.000162449
3.91608 0.0317675 0.000608892 0.000155485
3.92008 0.0357756 0.000695625 0.000177452
3.92408 0.0305523 0.000591627 0.000150768
3.92807 0.0321251 0.000590324 0.000150283
3.93207 0.0319679 0.000554468 0.000141012
3.93606 0.0373499 0.000747537 0.00018992
3.94006 0.0335535 0.000663065 0.000168288
3.94406 0.0341772 0.000744288 0.000188711
3.94805 0.0328914 0.000552531 0.00013995
3.95205 0.038012 0.000720299 0.00018226
3.95604 0.0309659 0.000551689 0.000139455
3.96004 0.0337988 0.000623893 0.000157547
3.96404 0.0344417 0.000641967 0.000161948
3.96803 0.0364313 0.000758516 0.000191157
3.97203 0.0356008 0.000620977 0.000156337
3.97602 0.0328705 0.000631428 0.000158809
3.98002 0.031224 0.000567932 0.000142696
3.98402 0.0346693 0.000696937 0.000174933
3.98801 0.0341547 0.000713172 0.000178829
3.99201 0.0321715 0.000579828 0.000145247
3.996 0.0353876 0.000766096 0.000191716
4 0.030897 0.000551822 0.000137955
