0 1 0 nan
0.003996 1 0 0
0.00799201 1 0 0
0.011988 1 0 0
0.015984 1 0 0
0.01998 1 0 0
0.023976 1 0 0
0.027972 1 0 0
0.031968 1 0 0
0.035964 1 0 0
0.03996 1 0 0
0.043956 1 0 0
0.047952 1 0 0
0.0519481 1 0 0
0.0559441 1 0 0
0.0599401 1 0 0
0.0639361 1 0 0
0.0679321 1 0 0
0.0719281 1 0 0
0.0759241 1 0 0
0.0799201 1 0 0
0.0839161 1 0 0
0.0879121 1 0 0
0.0919081 1 0 0
0.0959041 1 0 0
0.0999001 1 0 0
0.103896 1 0 0
0.107892 1 0 0
0.111888 1 0 0
0.115884 1 0 0
0.11988 1 0 0
0.123876 1 0 0
0.127872 1 0 0
0.131868 1 0 0
0.135864 1 0 0
0.13986 1 0 0
0.143856 1 0 0
0.147852 1 0 0
0.151848 1 0 0
0.155844 1 0 0
0.15984 1 0 0
0.163836 1 0 0
0.167832 1 0 0
0.171828 1 0 0
0.175824 1 0 0
0.17982 1 0 0
0.183816 1 0 0
0.187812 1 0 0
0.191808 1 0 0
0.195804 1 0 0
0.1998 1 0 0
0.203796 1 0 0
0.207792 1 0 0
0.211788 1 0 0
0.215784 1 0 0
0.21978 1 0 0
0.223776 1 0 0
0.227772 1 0 0
0.231768 1 0 0
0.235764 1 0 0
0.23976 1 0 0
0.243756 1 0 0
0.247752 1 0 0
0.251748 1 0 0
0.255744 1 0 0
0.25974 1 0 0
0.263736 1 0 0
0.267732 1 0 0
0.271728 1 0 0
0.275724 1 0 0
0.27972 1 0 0
0.283716 1 0 0
0.287712 1 0 0
0.291708 1 0 0
0.295704 1 0 0
0.2997 1 0 0
0.303696 1 0 0
0.307692 1 0 0
0.311688 1 0 0
0.315684 1 0 0
0.31968 1 0 0
0.323676 1 0 0
0.327672 1 0 0
0.331668 1 0 0
0.335664 1 0 0
0.33966 1 0 0
0.343656 1 0 0
0.347652 1 0 0
0.351648 1 0 0
0.355644 1 0 0
0.35964 1 0 0
0.363636 1 0 0
0.367632 1 0 0
0.371628 1 0 0
0.375624 1 0 0
0.37962 1 0 0
0.383616 1 0 0
0.387612 1 0 0
0.391608 1 0 0
0.395604 1 0 0
0.3996 1 0 0
0.403596 1 0 0
0.407592 1 0 0
0.411588 1 0 0
0.415584 1 0 0
0.41958 1 0 0
0.423576 1 0 0
0.427572 1 0 0
0.431568 1 0 0
0.435564 1 0 0
0.43956 1 0 0
0.443556 1 0 0
0.447552 1 0 0
0.451548 1 0 0
0.455544 1 0 0
0.45954 1 0 0
0.463536 1 0 0
0.467532 1 0 0
0.471528 1 0 0
0.475524 1 0 0
0.47952 1 0 0
0.483516 1 0 0
0.487512 1 0 0
0.491508 1 0 0
0.495504 1 0 0
0.4995 1 0 0
0.503497 1 0 0
0.507493 1 0 0
0.511489 1 0 0
0.515485 0.999999 6.17281e-10 1.19748e-09
0.519481 1 1.23701e-12 2.38125e-12
0.523477 1 2.44249e-15 4.6659e-15
0.527473 1 0 0
0.531469 1 0 0
0.535465 0.999998 1.23208e-09 2.30096e-09
0.539461 0.999994 3.06409e-09 5.67991e-09
0.543457 1 6.14042e-12 1.12988e-11
0.547453 0.999999 6.17294e-10 1.12757e-09
0.551449 1 1.23701e-12 2.2432e-12
0.555445 1 2.44249e-15 4.39736e-15
0.559441 0.999998 1.23208e-09 2.20235e-09
0.563437 0.999999 6.1975e-10 1.09995e-09
0.567433 1 1.24212e-12 2.18901e-12
0.571429 0.999999 6.17284e-10 1.08025e-09
0.575425 0.999999 6.18518e-10 1.07489e-09
0.579421 0.999999 6.18521e-10 1.06748e-09
0.583417 1 1.23945e-12 2.12447e-12
0.587413 0.999994 3.06162e-09 5.21204e-09
0.591409 1 6.13554e-12 1.03744e-11
0.595405 1 1.22125e-14 2.05112e-14
0.599401 0.999993 3.6665e-09 6.11695e-09
0.603397 0.999994 3.06896e-09 5.08615e-09
0.607393 0.999993 3.67265e-09 6.04659e-09
0.611389 0.999993 3.67386e-09 6.00905e-09
0.615385 0.999994 3.06898e-09 4.98709e-09
0.619381 0.999997 1.85056e-09 2.98775e-09
0.623377 0.999993 3.67021e-09 5.88763e-09
0.627373 0.99999 5.47364e-09 8.72471e-09
0.631369 0.99999 5.47726e-09 8.67521e-09
0.635365 0.999997 1.85538e-09 2.92019e-09
0.639361 0.99999 5.47001e-09 8.55543e-09
0.643357 0.999997 1.85537e-09 2.88389e-09
0.647353 0.999997 1.84813e-09 2.8549e-09
0.651349 0.999992 4.27261e-09 6.55964e-09
0.655345 0.999982 9.58758e-09 1.46298e-08
0.659341 0.99999 5.4855e-09 8.31968e-09
0.663337 0.999988 6.66474e-09 1.00473e-08
0.667333 0.999983 9.01228e-09 1.35049e-08
0.671329 0.999993 3.68456e-09 5.48846e-09
0.675325 0.999997 1.85179e-09 2.74207e-09
0.679321 0.999984 8.42006e-09 1.23948e-08
0.683317 0.999996 2.47113e-09 3.61637e-09
0.687313 0.999984 8.4213e-09 1.22525e-08
0.691309 0.999982 9.59589e-09 1.38808e-08
0.695305 0.999972 1.47076e-08 2.11527e-08
0.699301 0.999989 6.09073e-09 8.70975e-09
0.703297 0.999971 1.64929e-08 2.34508e-08
0.707293 0.99998 1.07648e-08 1.52198e-08
0.711289 0.999982 9.60059e-09 1.34975e-08
0.715285 0.999973 1.41498e-08 1.9782e-08
0.719281 0.999977 1.24707e-08 1.73377e-08
0.723277 0.999981 1.01816e-08 1.40771e-08
0.727273 0.999967 1.74605e-08 2.40081e-08
0.731269 0.999978 1.31466e-08 1.79779e-08
0.735265 0.999968 1.6921e-08 2.30135e-08
0.739261 0.999968 2.06397e-08 2.79194e-08
0.743257 0.999961 2.51193e-08 3.37963e-08
0.747253 0.999962 2.08842e-08 2.7948e-08
0.751249 0.99996 2.07022e-08 2.7557e-08
0.755245 0.999943 3.08361e-08 4.08293e-08
0.759241 0.999918 4.7704e-08 6.28312e-08
0.763237 0.999976 1.43402e-08 1.87886e-08
0.767233 0.999942 3.37883e-08 4.40392e-08
0.771229 0.999939 3.15739e-08 4.09397e-08
0.775225 0.999923 4.42621e-08 5.70958e-08
0.779221 0.999901 5.89263e-08 7.56221e-08
0.783217 0.999933 4.14264e-08 5.28926e-08
0.787213 0.999952 2.80987e-08 3.56939e-08
0.791209 0.999929 4.07498e-08 5.15032e-08
0.795205 0.999924 5.0017e-08 6.28983e-08
0.799201 0.999892 6.32786e-08 7.91774e-08
0.803197 0.999873 7.80332e-08 9.71533e-08
0.807193 0.999906 5.20254e-08 6.44522e-08
0.811189 0.999898 5.51762e-08 6.80189e-08
0.815185 0.999888 6.84925e-08 8.40208e-08
0.819181 0.99987 6.79068e-08 8.2896e-08
0.823177 0.999886 6.88849e-08 8.36817e-08
0.827173 0.999855 7.93905e-08 9.59782e-08
0.831169 0.999851 9.04731e-08 1.0885e-07
0.835165 0.999866 8.74808e-08 1.04747e-07
0.839161 0.999852 8.15424e-08 9.71714e-08
0.843157 0.999859 7.48049e-08 8.872e-08
0.847153 0.999864 8.43754e-08 9.95987e-08
0.851149 0.999832 8.63331e-08 1.01431e-07
0.855145 0.999853 8.49612e-08 9.9353e-08
0.859141 0.999841 9.54349e-08 1.11082e-07
0.863137 0.999805 1.10057e-07 1.27509e-07
0.867133 0.999795 1.36389e-07 1.57288e-07
0.871129 0.99979 1.24853e-07 1.43323e-07
0.875125 0.999776 1.12843e-07 1.28945e-07
0.879121 0.999742 1.64837e-07 1.87502e-07
0.883117 0.999762 1.40255e-07 1.58818e-07
0.887113 0.999738 1.53878e-07 1.73459e-07
0.891109 0.999771 1.28316e-07 1.43996e-07
0.895105 0.999695 1.85533e-07 2.07275e-07
0.899101 0.999733 1.61539e-07 1.79668e-07
0.903097 0.999697 1.79531e-07 1.98795e-07
0.907093 0.999683 1.87292e-07 2.06475e-07
0.911089 0.999664 1.81742e-07 1.99478e-07
0.915085 0.999677 1.74455e-07 1.90643e-07
0.919081 0.999638 2.20127e-07 2.39507e-07
0.923077 0.999686 1.76493e-07 1.91201e-07
0.927073 0.999629 2.3711e-07 2.55762e-07
0.931069 0.999635 2.15968e-07 2.31957e-07
0.935065 0.999616 2.01126e-07 2.15093e-07
0.939061 0.999589 2.60264e-07 2.77153e-07
0.943057 0.999605 2.30887e-07 2.44828e-07
0.947053 0.999538 2.46547e-07 2.60331e-07
0.951049 0.999503 3.15551e-07 3.31792e-07
0.955045 0.999505 3.21123e-07 3.36239e-07
0.959041 0.999549 2.59366e-07 2.70443e-07
0.963037 0.999535 2.63918e-07 2.74048e-07
0.967033 0.999515 2.6714e-07 2.76247e-07
0.971029 0.999448 3.47514e-07 3.57883e-07
0.975025 0.999496 3.06097e-07 3.13938e-07
0.979021 0.999381 3.27495e-07 3.34513e-07
0.983017 0.999356 3.88155e-07 3.94861e-07
0.987013 0.999397 3.51661e-07 3.56289e-07
0.991009 0.999341 3.51819e-07 3.55011e-07
0.995005 0.99931 3.66659e-07 3.68499e-07
0.999001 0.999225 4.31984e-07 4.32416e-07
1.003 0.999264 3.97589e-07 3.96401e-07
1.00699 0.999225 4.74105e-07 4.70813e-07
1.01099 0.999265 4.17248e-07 4.12713e-07
1.01499 0.999226 5.13599e-07 5.06016e-07
1.01898 0.999227 4.64176e-07 4.5553e-07
1.02298 0.99912 5.11395e-07 4.99908e-07
1.02697 0.999137 5.67184e-07 5.52287e-07
1.03097 0.999123 5.22935e-07 5.07227e-07
1.03497 0.999047 6.18079e-07 5.97198e-07
1.03896 0.999018 6.34007e-07 6.10231e-07
1.04296 0.998984 6.31247e-07 6.05248e-07
1.04695 0.998926 6.95751e-07 6.64549e-07
1.05095 0.999004 5.30687e-07 5.0496e-07
1.05495 0.998937 6.56259e-07 6.22079e-07
1.05894 0.998833 6.84775e-07 6.4666e-07
1.06294 0.998864 6.2919e-07 5.91935e-07
1.06693 0.998805 8.11355e-07 7.60455e-07
1.07093 0.99885 6.48936e-07 6.05956e-07
1.07493 0.998743 8.72555e-07 8.11735e-07
1.07892 0.998725 8.10586e-07 7.51293e-07
1.08292 0.998761 7.65187e-07 7.06598e-07
1.08691 0.998612 9.74312e-07 8.96403e-07
1.09091 0.998515 9.46901e-07 8.67993e-07
1.09491 0.998527 1.05668e-06 9.65086e-07
1.0989 0.998622 8.28814e-07 7.5422e-07
1.1029 0.998421 9.39644e-07 8.51978e-07
1.10689 0.998437 9.17088e-07 8.28525e-07
1.11089 0.998366 9.66307e-07 8.6985e-07
1.11489 0.998363 1.05685e-06 9.47944e-07
1.11888 0.99822 1.07658e-06 9.62195e-07
1.12288 0.998187 1.0701e-06 9.53e-07
1.12687 0.99827 1.14547e-06 1.01651e-06
1.13087 0.998225 1.23324e-06 1.09053e-06
1.13487 0.998082 1.17249e-06 1.03316e-06
1.13886 0.998103 1.14731e-06 1.00742e-06
1.14286 0.997939 1.41554e-06 1.23859e-06
1.14685 0.99789 1.41217e-06 1.23135e-06
1.15085 0.997828 1.4322e-06 1.24447e-06
1.15485 0.997853 1.22181e-06 1.05799e-06
1.15884 0.99781 1.32442e-06 1.14289e-06
1.16284 0.99771 1.49301e-06 1.28393e-06
1.16683 0.997475 1.6382e-06 1.40397e-06
1.17083 0.99759 1.54944e-06 1.32337e-06
1.17483 0.997415 1.7925e-06 1.52576e-06
1.17882 0.99734 1.72276e-06 1.46143e-06
1.18282 0.997347 1.99067e-06 1.68299e-06
1.18681 0.997477 1.78032e-06 1.50009e-06
1.19081 0.997123 1.82024e-06 1.52858e-06
1.19481 0.997273 1.81577e-06 1.51972e-06
1.1988 0.997092 1.9047e-06 1.58884e-06
1.2028 0.997224 1.70227e-06 1.41526e-06
1.20679 0.996865 2.17844e-06 1.80515e-06
1.21079 0.996728 1.99782e-06 1.65001e-06
1.21479 0.996745 2.11946e-06 1.74472e-06
1.21878 0.997133 1.69354e-06 1.38953e-06
1.22278 0.996583 2.26949e-06 1.85601e-06
1.22677 0.996658 2.27691e-06 1.85602e-06
1.23077 0.996672 2.33697e-06 1.89879e-06
1.23477 0.996415 2.3066e-06 1.86805e-06
1.23876 0.996377 2.291e-06 1.84943e-06
1.24276 0.996269 2.33987e-06 1.88281e-06
1.24675 0.99622 2.5448e-06 2.04114e-06
1.25075 0.995911 2.93137e-06 2.34369e-06
1.25475 0.995986 2.78604e-06 2.2204e-06
1.25874 0.995887 2.72586e-06 2.16555e-06
1.26274 0.995945 2.59862e-06 2.05792e-06
1.26673 0.99577 2.58342e-06 2.03944e-06
1.27073 0.995744 2.75621e-06 2.169e-06
1.27473 0.995723 3.56382e-06 2.79575e-06
1.27872 0.995655 3.00643e-06 2.35112e-06
1.28272 0.995404 3.57299e-06 2.78549e-06
1.28671 0.995082 2.91732e-06 2.26726e-06
1.29071 0.995313 2.76245e-06 2.14025e-06
1.29471 0.994935 3.99577e-06 3.08624e-06
1.2987 0.994851 3.48658e-06 2.68467e-06
1.3027 0.994984 4.09888e-06 3.14646e-06
1.30669 0.994663 3.741e-06 2.86295e-06
1.31069 0.994614 3.96461e-06 3.02483e-06
1.31469 0.994295 3.84897e-06 2.92767e-06
1.31868 0.994532 3.60163e-06 2.73123e-06
1.32268 0.994238 3.93013e-06 2.97135e-06
1.32667 0.993957 4.54754e-06 3.42777e-06
1.33067 0.993852 4.80316e-06 3.60958e-06
1.33467 0.994083 4.35741e-06 3.2648e-06
1.33866 0.993579 4.50731e-06 3.36703e-06
1.34266 0.993644 4.69804e-06 3.49906e-06
1.34665 0.993396 5.66128e-06 4.20397e-06
1.35065 0.993231 5.20509e-06 3.85377e-06
1.35465 0.99322 4.50532e-06 3.32583e-06
1.35864 0.992788 5.7185e-06 4.20898e-06
1.36264 0.992831 5.47386e-06 4.0171e-06
1.36663 0.992835 5.1223e-06 3.74811e-06
1.37063 0.992708 6.08726e-06 4.44122e-06
1.37463 0.992283 5.16135e-06 3.75473e-06
1.37862 0.992299 6.03069e-06 4.37444e-06
1.38262 0.992179 5.51071e-06 3.98571e-06
1.38661 0.99206 5.63667e-06 4.06506e-06
1.39061 0.991897 7.12128e-06 5.12097e-06
1.39461 0.991939 6.14302e-06 4.40484e-06
1.3986 0.991563 5.86579e-06 4.19404e-06
1.4026 0.991253 6.11203e-06 4.35765e-06
1.40659 0.991303 7.14547e-06 5.07999e-06
1.41059 0.991296 7.01151e-06 4.97062e-06
1.41459 0.9908 6.92108e-06 4.89266e-06
1.41858 0.990705 5.5682e-06 3.92519e-06
1.42258 0.990595 6.28082e-06 4.4151e-06
1.42657 0.990416 6.0974e-06 4.27416e-06
1.43057 0.990059 8.33712e-06 5.82783e-06
1.43457 0.990321 7.22358e-06 5.03538e-06
1.43856 0.989572 7.01768e-06 4.87826e-06
1.44256 0.989943 7.17641e-06 4.97478e-06
1.44655 0.989486 8.51673e-06 5.8876e-06
1.45055 0.989009 1.0035e-05 6.91808e-06
1.45455 0.988996 8.52572e-06 5.86143e-06
1.45854 0.988671 9.21759e-06 6.31973e-06
1.46254 0.989061 8.53851e-06 5.83815e-06
1.46653 0.988471 9.36865e-06 6.38829e-06
1.47053 0.988586 8.89191e-06 6.04674e-06
1.47453 0.987928 9.93548e-06 6.73809e-06
1.47852 0.988067 9.64814e-06 6.52553e-06
1.48252 0.987567 9.20277e-06 6.20753e-06
1.48651 0.987416 9.38243e-06 6.3117e-06
1.49051 0.98677 1.21663e-05 8.16254e-06
1.49451 0.987391 8.40392e-06 5.62321e-06
1.4985 0.986749 1.11546e-05 7.44381e-06
1.5025 0.986496 9.34599e-06 6.22031e-06
1.50649 0.986403 1.12773e-05 7.48581e-06
1.51049 0.985996 1.31499e-05 8.70574e-06
1.51449 0.985783 1.29551e-05 8.55409e-06
1.51848 0.985498 1.07441e-05 7.07552e-06
1.52248 0.984895 1.30725e-05 8.58634e-06
1.52647 0.984982 1.30284e-05 8.53498e-06
1.53047 0.984934 1.26662e-05 8.27603e-06
1.53447 0.98536 9.97115e-06 6.49813e-06
1.53846 0.984981 1.2142e-05 7.89231e-06
1.54246 0.984227 1.29519e-05 8.39693e-06
1.54645 0.984078 1.36731e-05 8.84156e-06
1.55045 0.983113 1.58043e-05 1.01934e-05
1.55445 0.983293 1.53941e-05 9.90329e-06
1.55844 0.983056 1.43958e-05 9.23733e-06
1.56244 0.982807 1.39435e-05 8.92419e-06
1.56643 0.982266 1.48093e-05 9.45417e-06
1.57043 0.981621 2.0338e-05 1.29506e-05
1.57443 0.982651 1.43521e-05 9.11575e-06
1.57842 0.981513 1.62413e-05 1.02896e-05
1.58242 0.981644 1.69511e-05 1.07121e-05
1.58641 0.9817 1.54328e-05 9.7281e-06
1.59041 0.981366 1.77626e-05 1.11686e-05
1.59441 0.980169 1.65388e-05 1.0373e-05
1.5984 0.980389 1.87069e-05 1.17035e-05
1.6024 0.979236 1.86234e-05 1.16222e-05
1.60639 0.979156 1.95607e-05 1.21768e-05
1.61039 0.979236 1.91273e-05 1.18775e-05
1.61439 0.979696 1.79072e-05 1.10923e-05
1.61838 0.9781 2.00052e-05 1.23613e-05
1.62238 0.978587 1.90422e-05 1.17372e-05
1.62637 0.978537 2.14377e-05 1.31813e-05
1.63037 0.977348 2.09301e-05 1.28376e-05
1.63437 0.977713 1.99208e-05 1.21887e-05
1.63836 0.9765 2.2854e-05 1.39493e-05
1.64236 0.97577 2.04102e-05 1.24274e-05
1.64635 0.97661 2.07056e-05 1.25766e-05
1.65035 0.975206 2.36989e-05 1.436e-05
1.65435 0.974775 2.74209e-05 1.65751e-05
1.65834 0.974635 2.35899e-05 1.4225e-05
1.66234 0.973305 3.10758e-05 1.86941e-05
1.66633 0.973855 1.98068e-05 1.18865e-05
1.67033 0.974355 2.69634e-05 1.61426e-05
1.67433 0.973909 2.73539e-05 1.63373e-05
1.67832 0.973174 2.68492e-05 1.59976e-05
1.68232 0.972802 2.80301e-05 1.66616e-05
1.68631 0.971867 2.43214e-05 1.44228e-05
1.69031 0.971464 3.21423e-05 1.90156e-05
1.69431 0.970783 3.012e-05 1.77772e-05
1.6983 0.970176 2.8062e-05 1.65236e-05
1.7023 0.969989 3.70622e-05 2.17719e-05
1.70629 0.97008 3.05708e-05 1.79165e-05
1.71029 0.969178 2.94784e-05 1.72359e-05
1.71429 0.968961 3.36538e-05 1.96314e-05
1.71828 0.96818 3.30407e-05 1.92289e-05
1.72228 0.968536 3.25544e-05 1.8902e-05
1.72627 0.96802 3.18181e-05 1.84317e-05
1.73027 0.967381 3.75375e-05 2.16946e-05
1.73427 0.966892 2.7795e-05 1.6027e-05
1.73826 0.966887 3.75439e-05 2.15985e-05
1.74226 0.966339 3.12046e-05 1.79105e-05
1.74625 0.965599 3.45352e-05 1.97767e-05
1.75025 0.96496 4.08554e-05 2.33426e-05
1.75425 0.963687 4.52941e-05 2.58197e-05
1.75824 0.96448 3.24369e-05 1.84485e-05
1.76224 0.962695 4.0413e-05 2.29328e-05
1.76623 0.963294 3.75513e-05 2.12607e-05
1.77023 0.961574 4.31869e-05 2.43962e-05
1.77423 0.961487 4.77158e-05 2.68939e-05
1.77822 0.961441 4.43597e-05 2.49461e-05
1.78222 0.960866 4.17729e-05 2.34387e-05
1.78621 0.961096 3.9842e-05 2.23053e-05
1.79021 0.959264 5.26637e-05 2.94176e-05
1.79421 0.958183 4.22766e-05 2.35628e-05
1.7982 0.957866 5.82161e-05 3.23746e-05
1.8022 0.956574 5.27981e-05 2.92965e-05
1.80619 0.958133 4.63026e-05 2.56354e-05
1.81019 0.956562 5.05668e-05 2.79345e-05
1.81419 0.955921 6.49547e-05 3.58038e-05
1.81818 0.954601 5.86368e-05 3.22502e-05
1.82218 0.955577 6.07501e-05 3.33393e-05
1.82617 0.953532 5.49861e-05 3.011e-05
1.83017 0.953124 5.26939e-05 2.87918e-05
1.83417 0.953417 6.02084e-05 3.2826e-05
1.83816 0.952001 5.65852e-05 3.07836e-05
1.84216 0.949752 6.09322e-05 3.30765e-05
1.84615 0.951163 6.39204e-05 3.46236e-05
1.85015 0.950008 6.7712e-05 3.65981e-05
1.85415 0.948447 7.83645e-05 4.22645e-05
1.85814 0.948623 7.96645e-05 4.28732e-05
1.86214 0.946889 9.54576e-05 5.12623e-05
1.86613 0.947201 8.60409e-05 4.61065e-05
1.87013 0.946171 7.85144e-05 4.19834e-05
1.87413 0.945562 9.31185e-05 4.96864e-05
1.87812 0.945787 7.85491e-05 4.18232e-05
1.88212 0.944806 9.02483e-05 4.79504e-05
1.88611 0.942731 0.000101082 5.35926e-05
1.89011 0.943242 8.76704e-05 4.63838e-05
1.89411 0.941915 9.73016e-05 5.13707e-05
1.8981 0.942191 7.54532e-05 3.97519e-05
1.9021 0.939668 8.67244e-05 4.55941e-05
1.90609 0.938589 7.6404e-05 4.00841e-05
1.91009 0.938046 0.00010116 5.29611e-05
1.91409 0.933157 0.000191396 9.99935e-05
1.91808 0.939064 8.37872e-05 4.36828e-05
1.92208 0.935033 7.90888e-05 4.11476e-05
1.92607 0.930581 0.000143982 7.47541e-05
1.93007 0.933313 0.000113249 5.86759e-05
1.93407 0.930744 0.000111162 5.74759e-05
1.93806 0.931291 0.000128478 6.62918e-05
1.94206 0.931766 0.000124314 6.40113e-05
1.94605 0.932033 0.000109623 5.63312e-05
1.95005 0.928116 0.000122061 6.2594e-05
1.95405 0.927959 0.000168225 8.60905e-05
1.95804 0.92618 0.000131204 6.70077e-05
1.96204 0.927777 0.000131375 6.69585e-05
1.96603 0.926686 0.000141361 7.19014e-05
1.97003 0.923405 0.000111838 5.67699e-05
1.97403 0.922344 0.000149494 7.57304e-05
1.97802 0.921888 0.00016971 8.57977e-05
1.98202 0.919422 0.000173764 8.76704e-05
1.98601 0.918589 0.000138918 6.99481e-05
1.99001 0.917069 0.000156257 7.85207e-05
1.99401 0.915765 0.000159843 8.01616e-05
1.998 0.911501 0.000238064 0.000119151
2.002 0.914931 0.000211065 0.000105427
2.00599 0.913874 0.000172735 8.61093e-05
2.00999 0.913614 0.000202289 0.000100642
2.01399 0.9142 0.000156704 7.78078e-05
2.01798 0.906318 0.000190503 9.4403e-05
2.02198 0.910016 0.000201699 9.97533e-05
2.02597 0.907306 0.000281018 0.000138708
2.02997 0.902081 0.000287421 0.000141589
2.03397 0.904499 0.000186027 9.14604e-05
2.03796 0.901845 0.000257726 0.000126463
2.04196 0.902305 0.000205423 0.000100601
2.04595 0.90047 0.000252656 0.000123491
2.04995 0.896192 0.000281888 0.00013751
2.05395 0.893358 0.000236247 0.000115021
2.05794 0.897344 0.000238204 0.000115749
2.06194 0.89565 0.000285128 0.000138282
2.06593 0.895055 0.00032701 0.000158287
2.06993 0.889825 0.000314577 0.000151975
2.07393 0.880219 0.000562611 0.000271278
2.07792 0.886968 0.000251413 0.000120993
2.08192 0.889058 0.000257683 0.000123772
2.08591 0.886883 0.000291275 0.000139639
2.08991 0.879011 0.000336804 0.000161157
2.09391 0.880572 0.000282811 0.000135064
2.0979 0.882967 0.000330015 0.000157307
2.1019 0.875766 0.000296387 0.000141009
2.10589 0.875998 0.000299716 0.000142323
2.10989 0.872503 0.000390535 0.000185097
2.11389 0.871468 0.000439875 0.000208088
2.11788 0.875147 0.000241442 0.000114002
2.12188 0.86441 0.000415214 0.000195682
2.12587 0.847174 0.000485341 0.000228302
2.12987 0.86633 0.000357193 0.000167707
2.13387 0.856285 0.000433579 0.000203189
2.13786 0.866146 0.000377044 0.000176365
2.14186 0.859157 0.000522669 0.000244026
2.14585 0.852825 0.000386075 0.000179916
2.14985 0.853988 0.000520372 0.00024205
2.15385 0.830598 0.00103707 0.000481498
2.15784 0.850376 0.00065879 0.0003053
2.16184 0.845489 0.000421717 0.000195073
2.16583 0.847271 0.000495692 0.000228869
2.16983 0.839248 0.000527622 0.000243163
2.17383 0.834161 0.00090643 0.000416975
2.17782 0.84071 0.000448088 0.000205751
2.18182 0.814866 0.000982459 0.000450294
2.18581 0.833815 0.000641586 0.000293523
2.18981 0.824589 0.000483669 0.000220873
2.19381 0.828353 0.000726427 0.000331126
2.1978 0.800397 0.00234225 0.00106572
2.2018 0.818025 0.000587001 0.000266601
2.20579 0.803855 0.000763984 0.000346353
2.20979 0.818783 0.000773537 0.00035005
2.21379 0.80572 0.00207873 0.000938993
2.21778 0.805442 0.000816945 0.000368361
2.22178 0.79715 0.000851854 0.000383411
2.22577 0.797454 0.000857104 0.000385081
2.22977 0.786259 0.0014859 0.000666391
2.23377 0.799574 0.00155446 0.00069589
2.23776 0.771548 0.00149598 0.000668517
2.24176 0.771452 0.00177803 0.000793141
2.24575 0.767407 0.00178165 0.000793341
2.24975 0.784527 0.000782235 0.000347698
2.25375 0.747682 0.00152026 0.000674546
2.25774 0.753688 0.00158108 0.000700294
2.26174 0.772178 0.00102693 0.000454042
2.26573 0.721608 0.00166223 0.000733639
2.26973 0.76129 0.00136434 0.000601103
2.27373 0.724904 0.00123659 0.000543861
2.27772 0.714034 0.00129909 0.000570348
2.28172 0.746425 0.0016289 0.000713893
2.28571 0.699949 0.00198825 0.000869859
2.28971 0.72904 0.00105025 0.000458684
2.29371 0.704792 0.00168657 0.000735304
2.2977 0.668333 0.0019275 0.000838881
2.3017 0.725589 0.00172779 0.000750661
2.30569 0.659256 0.00258485 0.00112107
2.30969 0.707995 0.00208344 0.000902042
2.31369 0.699888 0.00222523 0.00096177
2.31768 0.632248 0.00319937 0.00138042
2.32168 0.656997 0.00254801 0.00109749
2.32567 0.647797 0.0014936 0.000642223
2.32967 0.569212 0.00730345 0.00313497
2.33367 0.516598 0.0172047 0.00737239
2.33766 0.586736 0.0091066 0.0038956
2.34166 0.642567 0.00276938 0.00118266
2.34565 0.648723 0.00504573 0.0021511
2.34965 0.571892 0.00693015 0.00294944
2.35365 0.608007 0.00380927 0.00161846
2.35764 0.656582 0.00325383 0.00138012
2.36164 0.525379 0.00777031 0.00329022
2.36563 0.523016 0.00356644 0.0015076
2.36963 0.564331 0.00606561 0.00255973
2.37363 0.548976 0.0145234 0.00611865
2.37762 0.414718 0.0234664 0.00986971
2.38162 0.592849 0.00477854 0.00200642
2.38561 0.47934 0.0101863 0.00426988
2.38961 0.510831 0.00211794 0.000886312
2.39361 0.364004 0.00765239 0.00319701
2.3976 0.400774 0.0209447 0.00873567
2.4016 0.538232 0.00336392 0.0014007
2.40559 0.425443 0.00733454 0.00304895
2.40959 0.480957 0.00645613 0.00267935
2.41359 0.356467 0.0158044 0.00654812
2.41758 0.379325 0.00830818 0.00343657
2.42158 0.396463 0.00330099 0.00136316
2.42557 0.480497 0.00616119 0.0025401
2.42957 0.376797 0.00290838 0.00119708
2.43357 0.341888 0.00966065 0.00396975
2.43756 0.325864 0.0076388 0.00313379
2.44156 0.344574 0.00686276 0.00281081
2.44555 0.362007 0.007415 0.00303203
2.44955 0.42557 0.0034887 0.00142422
2.45355 0.158152 0.00765731 0.00312091
2.45754 0.277723 0.0245184 0.00997679
2.46154 0.143471 0.00760314 0.00308878
2.46553 0.334526 0.00866551 0.00351466
2.46953 0.282944 0.00417323 0.00168989
2.47353 0.260946 0.0160117 0.00647324
2.47752 0.391994 0.00779928 0.00314801
2.48152 0.294629 0.024954 0.010056
2.48551 0.239161 0.013289 0.00534659
2.48951 0.11262 0.00391034 0.00157073
2.49351 0.304005 0.00447336 0.001794
2.4975 0.303874 0.00585592 0.00234471
2.5015 0.262483 0.00831958 0.00332584
2.50549 0.25164 0.00655684 0.00261698
2.50949 0.122126 0.00711313 0.00283449
2.51349 0.173265 0.00806118 0.00320717
2.51748 0.212881 0.0102451 0.00406957
2.52148 0.200985 0.0186227 0.00738562
2.52547 0.260307 0.0137569 0.00544724
2.52947 0.210188 0.00434216 0.00171663
2.53347 0.24342 0.00345862 0.00136517
2.53746 0.160166 0.00902986 0.00355862
2.54146 0.18341 0.0120576 0.00474437
2.54545 0.176599 0.0067547 0.00265363
2.54945 0.189222 0.00599288 0.00235065
2.55345 0.124518 0.00626404 0.00245317
2.55744 0.168601 0.00706085 0.0027609
2.56144 0.168968 0.0117419 0.00458412
2.56543 0.160684 0.00737938 0.00287647
2.56943 0.150352 0.00682241 0.00265522
2.57343 0.143527 0.00679799 0.00264161
2.57742 0.181407 0.0042778 0.00165972
2.58142 0.175794 0.00684365 0.00265112
2.58541 0.144407 0.00670214 0.00259229
2.58941 0.112499 0.00561322 0.00216776
2.59341 0.120728 0.0120261 0.00463719
2.5974 0.114604 0.00339019 0.00130522
2.6014 0.0722033 0.0046788 0.00179857
2.60539 0.132634 0.00290453 0.00111481
2.60939 0.10906 0.00327003 0.00125318
2.61339 0.154688 0.00643831 0.00246359
2.61738 0.117583 0.00589546 0.00225242
2.62138 0.12911 0.00781858 0.00298262
2.62537 0.153416 0.00765941 0.00291745
2.62937 0.116335 0.00824416 0.00313541
2.63337 0.119715 0.00350742 0.00133192
2.63736 0.105215 0.00408878 0.00155033
2.64136 0.13938 0.00661095 0.00250286
2.64535 0.142817 0.00531395 0.00200879
2.64935 0.113445 0.00527516 0.00199111
2.65335 0.108448 0.00437297 0.0016481
2.65734 0.0541316 0.00142692 0.000536973
2.66134 0.109468 0.00561468 0.00210972
2.66533 0.118186 0.00544957 0.00204461
2.66933 0.107463 0.00476645 0.00178563
2.67333 0.137665 0.00422218 0.00157937
2.67732 0.101533 0.00535712 0.00200093
2.68132 0.129944 0.00574169 0.00214137
2.68531 0.123517 0.00400663 0.00149205
2.68931 0.125721 0.00339589 0.00126274
2.69331 0.164447 0.00583423 0.00216619
2.6973 0.0652783 0.00238919 0.00088577
2.7013 0.101132 0.00610461 0.00225988
2.70529 0.103061 0.00697442 0.00257806
2.70929 0.108319 0.00357678 0.00132019
2.71329 0.104988 0.00494603 0.00182289
2.71728 0.0929771 0.00504363 0.00185613
2.72128 0.0677165 0.00289451 0.00106366
2.72527 0.0912748 0.00394006 0.00144575
2.72927 0.10052 0.00366871 0.00134421
2.73327 0.0868003 0.00291916 0.00106801
2.73726 0.114781 0.00393089 0.00143607
2.74126 0.0953752 0.00309376 0.00112859
2.74525 0.0918415 0.00226243 0.000824122
2.74925 0.103135 0.00396256 0.00144132
2.75325 0.0622578 0.0022994 0.000835161
2.75724 0.0604431 0.00170931 0.000619935
2.76124 0.106623 0.00290026 0.00105035
2.76523 0.0843042 0.00213637 0.00077258
2.76923 0.0931496 0.00270269 0.000975972
2.77323 0.0860554 0.00281276 0.00101425
2.77722 0.0915843 0.00342045 0.00123161
2.78122 0.0777633 0.00349939 0.00125822
2.78521 0.0844244 0.00393865 0.00141413
2.78921 0.0841116 0.00250843 0.000899332
2.79321 0.0596226 0.00170465 0.000610282
2.7972 0.0900579 0.00313287 0.00112
2.8012 0.0920563 0.00248445 0.000886923
2.80519 0.0645079 0.00290516 0.00103564
2.80919 0.0857014 0.00190036 0.00067648
2.81319 0.0772211 0.00302548 0.00107546
2.81718 0.0699243 0.00339092 0.00120366
2.82118 0.076012 0.00236126 0.000836978
2.82517 0.0692006 0.00226499 0.000801715
2.82917 0.0521209 0.00124657 0.000440614
2.83317 0.0807682 0.00313638 0.00110702
2.83716 0.0590024 0.00177425 0.000625359
2.84116 0.0976442 0.00266212 0.000936983
2.84515 0.0712881 0.00217047 0.000762867
2.84915 0.0755288 0.00187096 0.000656673
2.85315 0.0550623 0.00148354 0.000519967
2.85714 0.107852 0.00308496 0.00107973
2.86114 0.0742218 0.00209515 0.00073228
2.86513 0.0940837 0.00237874 0.000830236
2.86913 0.0651815 0.00148594 0.000517906
2.87313 0.0646293 0.00206211 0.000717725
2.87712 0.0566333 0.00172184 0.000598461
2.88112 0.0493632 0.00133893 0.000464725
2.88511 0.0815097 0.00262763 0.000910755
2.88911 0.0705633 0.00282532 0.00097792
2.89311 0.0502383 0.00156386 0.000540548
2.8971 0.0556769 0.00172865 0.000596683
2.9011 0.0746515 0.00216762 0.00074717
2.90509 0.0446771 0.00130576 0.000449473
2.90909 0.0621666 0.00230464 0.000792219
2.91309 0.0582131 0.00213554 0.000733083
2.91708 0.0860766 0.00300657 0.00103068
2.92108 0.0761545 0.00284162 0.000972799
2.92507 0.0537943 0.0019392 0.000662956
2.92907 0.0549788 0.0016485 0.000562807
2.93307 0.0641082 0.00160715 0.000547943
2.93706 0.0644634 0.0024389 0.000830387
2.94106 0.0546259 0.00133425 0.000453663
2.94505 0.0444812 0.00109233 0.000370904
2.94905 0.0449532 0.00103701 0.000351642
2.95305 0.0700067 0.00237063 0.000802776
2.95704 0.0549421 0.00113802 0.00038485
2.96104 0.0697072 0.00294659 0.00099512
2.96503 0.0487386 0.00124198 0.000418874
2.96903 0.0669116 0.0018055 0.000608109
2.97303 0.0721376 0.00187331 0.000630101
2.97702 0.0722846 0.00221852 0.000745214
2.98102 0.0558562 0.00197609 0.000662891
2.98501 0.0466611 0.000966762 0.000323872
2.98901 0.0600868 0.00166603 0.000557387
2.99301 0.051179 0.00142707 0.000476803
2.997 0.0659207 0.00208222 0.000694766
3.001 0.0541483 0.00136298 0.000454176
3.005 0.0578713 0.00163626 0.000544513
3.00899 0.0740336 0.00251809 0.000836854
3.01299 0.0497573 0.00156828 0.000520508
3.01698 0.0645079 0.00170948 0.000566618
3.02098 0.0529515 0.0013166 0.000435819
3.02498 0.0460911 0.00125708 0.000415568
3.02897 0.054784 0.00154873 0.000511305
3.03297 0.0487553 0.0013533 0.000446196
3.03696 0.0547573 0.00126182 0.000415488
3.04096 0.0490681 0.00121632 0.00039998
3.04496 0.0538299 0.00185518 0.000609264
3.04895 0.0595513 0.00194367 0.000637489
3.05295 0.0556502 0.00157435 0.000515682
3.05694 0.0459363 0.000794601 0.000259933
3.06094 0.0603307 0.00287644 0.000939726
3.06494 0.0521254 0.00131747 0.000429853
3.06893 0.0430817 0.000851901 0.000277589
3.07293 0.0586729 0.00162919 0.000530176
3.07692 0.0473447 0.00124755 0.000405454
3.08092 0.0398709 0.00092779 0.000301141
3.08492 0.0497818 0.00131053 0.000424819
3.08891 0.0483088 0.00112252 0.000363404
3.09291 0.045226 0.00119527 0.000386455
3.0969 0.0601581 0.00179336 0.000579082
3.1009 0.0418704 0.000940897 0.000303427
3.1049 0.0365308 0.000697432 0.000224623
3.10889 0.0458617 0.00146513 0.00047127
3.11289 0.0484803 0.00129001 0.000414411
3.11688 0.0571565 0.00167197 0.000536423
3.12088 0.047574 0.00114216 0.000365973
3.12488 0.0369183 0.00072291 0.00023134
3.12887 0.0468994 0.00147466 0.000471307
3.13287 0.0448219 0.00121932 0.000389204
3.13686 0.0472712 0.00119076 0.000379601
3.14086 0.0505767 0.00121521 0.000386902
3.14486 0.0484324 0.00115086 0.000365949
3.14885 0.0531897 0.0015605 0.000495579
3.15285 0.035923 0.000619989 0.000196644
3.15684 0.0363371 0.000886767 0.000280903
3.16084 0.0472924 0.00100478 0.000317882
3.16484 0.0459074 0.00110471 0.000349058
3.16883 0.0461089 0.00113356 0.000357721
3.17283 0.0444656 0.00113771 0.000358581
3.17682 0.0403852 0.000891698 0.000280689
3.18082 0.0450924 0.000980313 0.000308195
3.18482 0.0517847 0.0013734 0.000431235
3.18881 0.0376698 0.000790436 0.000247878
3.19281 0.0368648 0.000722633 0.000226331
3.1968 0.0469205 0.000998594 0.000312373
3.2008 0.0484079 0.0011929 0.000372689
3.2048 0.0469194 0.00102962 0.000321274
3.20879 0.0441104 0.000945692 0.000294719
3.21279 0.0569328 0.00106554 0.000331656
3.21678 0.0500278 0.0013521 0.000420326
3.22078 0.0493331 0.00129909 0.000403348
3.22478 0.0488577 0.0010917 0.000338536
3.22877 0.0382754 0.00076659 0.000237425
3.23277 0.0396849 0.000724913 0.000224239
3.23676 0.0458049 0.00107532 0.00033222
3.24076 0.0456379 0.00104824 0.000323456
3.24476 0.0421109 0.000868171 0.000267561
3.24875 0.042534 0.000976679 0.000300632
3.25275 0.0412781 0.000987282 0.000303522
3.25674 0.0436684 0.00105077 0.000322644
3.26074 0.0457292 0.000979274 0.000300323
3.26474 0.0368871 0.000756409 0.000231691
3.26873 0.0412158 0.0008914 0.000272705
3.27273 0.0440136 0.00112777 0.000344595
3.27672 0.0353206 0.000717807 0.000219062
3.28072 0.0412492 0.00124672 0.000380013
3.28472 0.0439112 0.000816535 0.000248586
3.28871 0.0356825 0.000644497 0.000195973
3.29271 0.0409096 0.000746974 0.000226857
3.2967 0.0403396 0.000879899 0.000266903
3.3007 0.0399043 0.000847747 0.000256839
3.3047 0.0466455 0.00110026 0.000332939
3.30869 0.0377199 0.000822697 0.000248647
3.31269 0.03609 0.000666057 0.000201062
3.31668 0.0391962 0.000870998 0.000262611
3.32068 0.0460477 0.00114939 0.000346131
3.32468 0.0432253 0.00105815 0.000318272
3.32867 0.0419962 0.000953312 0.000286394
3.33267 0.0414729 0.000893637 0.000268145
3.33666 0.0426954 0.00092874 0.000278344
3.34066 0.0375718 0.000691991 0.000207142
3.34466 0.0409207 0.000944822 0.000282487
3.34865 0.0423013 0.000954771 0.000285121
3.35265 0.0412147 0.000700411 0.000208913
3.35664 0.0425406 0.000940863 0.000280299
3.36064 0.0366333 0.000807778 0.000240364
3.36464 0.0338733 0.000646809 0.000192237
3.36863 0.048595 0.00110576 0.000328253
3.37263 0.0318526 0.000613682 0.000181959
3.37662 0.0420931 0.000885261 0.000262174
3.38062 0.0359419 0.000857861 0.000253759
3.38462 0.0416199 0.000999385 0.000295273
3.38861 0.0377444 0.000762084 0.000224896
3.39261 0.0354353 0.000687093 0.000202526
3.3966 0.035462 0.000733732 0.000216019
3.4006 0.0391939 0.000984776 0.000289589
3.4046 0.0357303 0.000686498 0.000201639
3.40859 0.0402861 0.000823851 0.000241698
3.41259 0.0368559 0.000761769 0.000223223
3.41658 0.0302405 0.00054393 0.000159203
3.42058 0.0333311 0.000651067 0.000190338
3.42458 0.0351748 0.000674629 0.000196996
3.42857 0.0392296 0.000781911 0.000228057
3.43257 0.0396148 0.000755626 0.000220134
3.43656 0.0401436 0.000893299 0.00025994
3.44056 0.0335783 0.000586751 0.000170539
3.44456 0.0412692 0.000901194 0.000261629
3.44855 0.0310911 0.000498083 0.000144433
3.45255 0.0300868 0.0005409 0.000156667
3.45654 0.0328323 0.000689491 0.000199474
3.46054 0.0341717 0.00062034 0.000179261
3.46454 0.0387297 0.000768235 0.000221743
3.46853 0.0324404 0.000537079 0.000154843
3.47253 0.0298118 0.000470273 0.000135427
3.47652 0.0370586 0.0006029 0.000173421
3.48052 0.0342374 0.000809623 0.000232616
3.48452 0.0364462 0.000832447 0.000238899
3.48851 0.0326742 0.000601459 0.000172411
3.49251 0.037426 0.000674235 0.000193052
3.4965 0.0355511 0.000821072 0.000234827
3.5005 0.0381986 0.000775916 0.000221659
3.5045 0.0317468 0.000602745 0.000171992
3.50849 0.0333356 0.000583035 0.000166178
3.51249 0.0310165 0.000591995 0.00016854
3.51648 0.0310332 0.000506293 0.000143977
3.52048 0.0383556 0.000663585 0.000188493
3.52448 0.0360721 0.000725615 0.000205879
3.52847 0.0365843 0.000750675 0.000212748
3.53247 0.0364262 0.000760446 0.000215273
3.53646 0.0339891 0.000607723 0.000171845
3.54046 0.036385 0.000655115 0.000185037
3.54446 0.0290615 0.000605727 0.000170894
3.54845 0.0427589 0.000953797 0.000268792
3.55245 0.0355255 0.000651608 0.000183425
3.55644 0.0318092 0.000499979 0.000140584
3.56044 0.0355233 0.000737974 0.000207271
3.56444 0.0309463 0.000521711 0.000146366
3.56843 0.0355066 0.000796263 0.000223141
3.57243 0.0327299 0.000642205 0.000179767
3.57642 0.0350456 0.000690497 0.000193069
3.58042 0.0367646 0.000872849 0.000243784
3.58442 0.0337686 0.000540177 0.000150702
3.58841 0.0369884 0.000747255 0.000208241
3.59241 0.0329604 0.000565623 0.00015745
3.5964 0.0366778 0.000760639 0.0002115
3.6004 0.0331084 0.00052836 0.00014675
3.6044 0.0344945 0.000606032 0.000168137
3.60839 0.0334436 0.000633446 0.000175548
3.61239 0.0322011 0.000520804 0.000144172
3.61638 0.0346148 0.000691081 0.000191097
3.62038 0.0340848 0.00061233 0.000169134
3.62438 0.0343331 0.000650089 0.000179366
3.62837 0.0334391 0.000688318 0.000189704
3.63237 0.031601 0.000528411 0.000145473
3.63636 0.035825 0.000731729 0.000201226
3.64036 0.0350657 0.000688726 0.000189192
3.64436 0.0309809 0.000528146 0.000144922
3.64835 0.0335248 0.000553919 0.000151827
3.65235 0.0347818 0.000731286 0.000200224
3.65634 0.0304888 0.000528227 0.000144469
3.66034 0.0327344 0.0005217 0.000142528
3.66434 0.0344444 0.00057488 0.000156885
3.66833 0.0320764 0.000611557 0.000166713
3.67233 0.0321666 0.000684096 0.000186284
3.67632 0.0302216 0.000455914 0.000124014
3.68032 0.032662 0.000517545 0.000140625
3.68432 0.0326297 0.000663326 0.00018004
3.68831 0.0324271 0.000577002 0.000156441
3.69231 0.0306435 0.000554938 0.000150296
3.6963 0.03169 0.000522014 0.000141226
3.7003 0.0314963 0.000597252 0.000161406
3.7043 0.0329982 0.000572148 0.000154455
3.70829 0.0313238 0.000696852 0.000187917
3.71229 0.0337865 0.000608253 0.000163849
3.71628 0.0301336 0.000472573 0.000127163
3.72028 0.0334269 0.000580603 0.000156064
3.72428 0.0331029 0.000614448 0.000164984
3.72827 0.0299699 0.000469985 0.00012606
3.73227 0.0322835 0.000636698 0.000170593
3.73626 0.0326431 0.00068069 0.000182185
3.74026 0.0333267 0.000515351 0.000137785
3.74426 0.0349833 0.000568343 0.000151791
3.74825 0.0322167 0.000584623 0.000155972
3.75225 0.0315208 0.000521703 0.000139038
3.75624 0.0280372 0.000522028 0.000138976
3.76024 0.0311857 0.000589996 0.000156904
3.76424 0.0322668 0.000528238 0.000140331
3.76823 0.0273803 0.000406746 0.000107941
3.77223 0.029558 0.000468316 0.000124148
3.77622 0.0311679 0.000638376 0.000169051
3.78022 0.0360432 0.000754305 0.00019954
3.78422 0.0284836 0.000415088 0.000109689
3.78821 0.0304899 0.000474072 0.000125144
3.79221 0.0311735 0.000539761 0.000142334
3.7962 0.0281051 0.000508904 0.000134056
3.8002 0.0327444 0.000526113 0.000138444
3.8042 0.0294266 0.000538165 0.000141466
3.80819 0.030766 0.000426666 0.000112039
3.81219 0.0287486 0.000462752 0.000121387
3.81618 0.0355277 0.000678752 0.000177861
3.82018 0.0314362 0.000508627 0.000133142
3.82418 0.0327288 0.000692167 0.000180998
3.82817 0.0279214 0.000476122 0.000124373
3.83217 0.032495 0.000534842 0.000139566
3.83616 0.0317301 0.000526492 0.000137244
3.84016 0.02943 0.000550499 0.000143353
3.84416 0.0288488 0.000521395 0.000135633
3.84815 0.0279537 0.000433448 0.000112638
3.85215 0.0348375 0.000731297 0.000189841
3.85614 0.0312993 0.000549015 0.000142374
3.86014 0.0267312 0.000418881 0.000108514
3.86414 0.0316466 0.000604544 0.00015645
3.86813 0.0297361 0.00056124 0.000145093
3.87213 0.0320285 0.000541247 0.00013978
3.87612 0.0312881 0.000488354 0.00012599
3.88012 0.0318281 0.000493576 0.000127206
3.88412 0.0315019 0.000498123 0.000128246
3.88811 0.0332265 0.000667482 0.000171672
3.89211 0.027672 0.000451972 0.000116125
3.8961 0.0270664 0.000429473 0.000110231
3.9001 0.0323469 0.00057721 0.000147999
3.9041 0.0360621 0.000626819 0.000160554
3.90809 0.0287341 0.000433626 0.000110956
3.91209 0.0302717 0.000495939 0.000126771
3.91608 0.0315665 0.000585569 0.000149529
3.92008 0.0306624 0.000604642 0.000154242
3.92408 0.027544 0.000406987 0.000103715
3.92807 0.0298831 0.000477933 0.000121671
3.93207 0.0264184 0.00034332 8.73128e-05
3.93606 0.0265776 0.000415536 0.000105571
3.94006 0.0295001 0.00039353 9.98792e-05
3.94406 0.0288432 0.000520877 0.000132066
3.94805 0.0298953 0.000485029 0.000122853
3.95205 0.0285293 0.000406529 0.000102865
3.95604 0.0262302 0.000365302 9.23402e-05
3.96004 0.0293298 0.000521565 0.000131707
3.96404 0.0288733 0.000439028 0.000110753
3.96803 0.0276241 0.000375967 9.4749e-05
3.97203 0.0293142 0.000455352 0.00011464
3.97602 0.0279526 0.000442536 0.000111301
3.98002 0.0313015 0.000505674 0.000127053
3.98402 0.0290848 0.000498571 0.000125143
3.98801 0.0271788 0.000377936 9.47679e-05
3.99201 0.028762 0.000487274 0.000122062
3.996 0.0299833 0.000460391 0.000115213
4 0.0255923 0.000387822 9.69554e-05
