0 1 0 nan
0.003996 1 0 0
0.00799201 1 0 0
0.011988 1 0 0
0.015984 1 0 0
0.01998 1 0 0
0.023976 1 0 0
0.027972 1 0 0
0.031968 1 0 0
0.035964 1 0 0
0.03996 1 0 0
0.043956 1 0 0
0.047952 1 0 0
0.0519481 1 0 0
0.0559441 1 0 0
0.0599401 1 0 0
0.0639361 1 0 0
0.0679321 1 0 0
0.0719281 1 0 0
0.0759241 1 0 0
0.0799201 1 0 0
0.0839161 1 0 0
0.0879121 1 0 0
0.0919081 1 0 0
0.0959041 1 0 0
0.0999001 1 0 0
0.103896 1 0 0
0.107892 1 0 0
0.111888 1 0 0
0.115884 1 0 0
0.11988 1 0 0
0.123876 1 0 0
0.127872 1 0 0
0.131868 1 0 0
0.135864 1 0 0
0.13986 1 0 0
0.143856 1 0 0
0.147852 1 0 0
0.151848 1 0 0
0.155844 1 0 0
0.15984 1 0 0
0.163836 1 0 0
0.167832 1 0 0
0.171828 1 0 0
0.175824 1 0 0
0.17982 1 0 0
0.183816 1 0 0
0.187812 1 0 0
0.191808 1 0 0
0.195804 1 0 0
0.1998 1 0 0
0.203796 1 0 0
0.207792 1 0 0
0.211788 1 0 0
0.215784 1 0 0
0.21978 1 0 0
0.223776 1 0 0
0.227772 1 0 0
0.231768 1 0 0
0.235764 1 0 0
0.23976 1 0 0
0.243756 1 0 0
0.247752 1 0 0
0.251748 1 0 0
0.255744 1 0 0
0.25974 1 0 0
0.263736 1 0 0
0.267732 1 0 0
0.271728 1 0 0
0.275724 1 0 0
0.27972 1 0 0
0.283716 1 0 0
0.287712 1 0 0
0.291708 1 0 0
0.295704 1 0 0
0.2997 1 0 0
0.303696 1 0 0
0.307692 1 0 0
0.311688 1 0 0
0.315684 1 0 0
0.31968 1 0 0
0.323676 1 0 0
0.327672 1 0 0
0.331668 1 0 0
0.335664 1 0 0
0.33966 1 0 0
0.343656 1 0 0
0.347652 1 0 0
0.351648 1 0 0
0.355644 1 0 0
0.35964 1 0 0
0.363636 1 0 0
0.367632 1 0 0
0.371628 1 0 0
0.375624 1 0 0
0.37962 1 0 0
0.383616 1 0 0
0.387612 1 0 0
0.391608 1 0 0
0.395604 1 0 0
0.3996 1 0 0
0.403596 1 0 0
0.407592 1 0 0
0.411588 1 0 0
0.415584 1 0 0
0.41958 1 0 0
0.423576 1 0 0
0.427572 1 0 0
0.431568 1 0 0
0.435564 1 0 0
0.43956 1 0 0
0.443556 1 0 0
0.447552 1 0 0
0.451548 1 0 0
0.455544 1 0 0
0.45954 1 0 0
0.463536 1 0 0
0.467532 1 0 0
0.471528 1 0 0
0.475524 1 0 0
0.47952 1 0 0
0.483516 1 0 0
0.487512 1 0 0
0.491508 1 0 0
0.495504 1 0 0
0.4995 1 0 0
0.503497 1 0 0
0.507493 1 0 0
0.511489 1 0 0
0.515485 0.999998 6.65048e-10 1.29014e-09
0.519481 1 1.33271e-12 2.56547e-12
0.523477 1 2.66454e-15 5.09008e-15
0.527473 1 0 0
0.531469 1 0 0
0.535465 0.999998 9.95565e-10 1.85926e-09
0.539461 0.999998 9.9756e-10 1.84918e-09
0.543457 1 1.99907e-12 3.67843e-12
0.547453 0.999999 3.33197e-10 6.08632e-10
0.551449 0.999998 6.65716e-10 1.20721e-09
0.555445 0.999999 3.34527e-10 6.0227e-10
0.559441 0.999999 3.33864e-10 5.96781e-10
0.563437 1 6.69242e-13 1.18779e-12
0.567433 0.999999 3.33195e-10 5.87197e-10
0.571429 0.999998 6.65716e-10 1.165e-09
0.575425 0.999997 1.32608e-09 2.30452e-09
0.579421 0.999998 6.67706e-10 1.15237e-09
0.583417 0.999998 9.96903e-10 1.70873e-09
0.587413 0.999998 6.67046e-10 1.13557e-09
0.591409 1 1.33671e-12 2.26021e-12
0.595405 0.999996 1.65259e-09 2.77557e-09
0.599401 0.999998 6.6836e-10 1.11505e-09
0.603397 0.999991 3.59287e-09 5.9544e-09
0.607393 0.999996 1.65978e-09 2.73264e-09
0.611389 0.999991 3.59485e-09 5.87982e-09
0.615385 0.999995 1.98629e-09 3.22772e-09
0.619381 0.999996 1.65657e-09 2.67455e-09
0.623377 0.999998 6.68368e-10 1.07217e-09
0.627373 0.999996 1.65392e-09 2.63627e-09
0.631369 0.999998 9.9888e-10 1.58209e-09
0.635365 0.999998 6.6705e-10 1.04987e-09
0.639361 0.999993 2.9519e-09 4.61696e-09
0.643357 0.999991 3.59744e-09 5.59168e-09
0.647353 0.999999 3.40402e-10 5.25838e-10
0.651349 0.999994 2.30493e-09 3.53871e-09
0.655345 0.999996 1.6572e-09 2.52875e-09
0.659341 0.999993 2.95389e-09 4.48006e-09
0.663337 0.999984 6.41554e-09 9.67162e-09
0.667333 0.999994 2.31711e-09 3.47219e-09
0.671329 0.999986 5.48694e-09 8.17326e-09
0.675325 0.999994 2.31525e-09 3.42835e-09
0.679321 0.999987 7.17833e-09 1.05669e-08
0.683317 0.999984 6.78396e-09 9.92799e-09
0.687313 0.999982 7.03474e-09 1.02351e-08
0.691309 0.999984 6.78367e-09 9.8128e-09
0.695305 0.999985 5.80634e-09 8.35078e-09
0.699301 0.999975 9.42535e-09 1.34782e-08
0.703297 0.999984 6.42851e-09 9.14054e-09
0.707293 0.99998 1.06122e-08 1.50039e-08
0.711289 0.999984 7.09861e-09 9.97993e-09
0.715285 0.999976 9.80127e-09 1.37026e-08
0.719281 0.999963 1.56918e-08 2.18159e-08
0.723277 0.999966 1.5266e-08 2.11067e-08
0.727273 0.999969 1.17512e-08 1.61579e-08
0.731269 0.999961 1.7846e-08 2.44042e-08
0.735265 0.999956 1.87842e-08 2.55476e-08
0.739261 0.999949 2.21716e-08 2.99915e-08
0.743257 0.999959 1.57326e-08 2.11671e-08
0.747253 0.999972 1.26126e-08 1.68786e-08
0.751249 0.999958 1.66475e-08 2.21597e-08
0.755245 0.999957 1.71841e-08 2.2753e-08
0.759241 0.999942 2.63754e-08 3.47392e-08
0.763237 0.99994 2.4198e-08 3.17044e-08
0.767233 0.999953 2.11681e-08 2.75902e-08
0.771229 0.999936 2.86903e-08 3.72008e-08
0.775225 0.999948 2.17739e-08 2.80872e-08
0.779221 0.999939 2.44243e-08 3.13445e-08
0.783217 0.999935 2.89257e-08 3.69319e-08
0.787213 0.999911 3.85157e-08 4.89267e-08
0.791209 0.999928 3.16208e-08 3.99652e-08
0.795205 0.999925 3.37962e-08 4.25e-08
0.799201 0.999913 4.06263e-08 5.08337e-08
0.803197 0.99993 2.82998e-08 3.5234e-08
0.807193 0.999874 4.69553e-08 5.81711e-08
0.811189 0.999889 4.91498e-08 6.05898e-08
0.815185 0.999897 4.48976e-08 5.50766e-08
0.819181 0.999877 4.78022e-08 5.83536e-08
0.823177 0.999858 6.46403e-08 7.85254e-08
0.827173 0.999861 6.02528e-08 7.28419e-08
0.831169 0.999858 6.85699e-08 8.24981e-08
0.835165 0.999883 5.08912e-08 6.09355e-08
0.839161 0.999863 5.86744e-08 6.99203e-08
0.843157 0.999842 6.03305e-08 7.15532e-08
0.847153 0.999823 7.70765e-08 9.0983e-08
0.851149 0.999817 7.9429e-08 9.33198e-08
0.855145 0.99983 7.67133e-08 8.9708e-08
0.859141 0.999824 7.77315e-08 9.04759e-08
0.863137 0.999799 8.65344e-08 1.00256e-07
0.867133 0.999782 8.9694e-08 1.03437e-07
0.871129 0.999823 7.91827e-08 9.08966e-08
0.875125 0.999791 8.78607e-08 1.00398e-07
0.879121 0.999761 9.53703e-08 1.08484e-07
0.883117 0.999769 1.09197e-07 1.2365e-07
0.887113 0.999777 9.75875e-08 1.10006e-07
0.891109 0.999753 1.1345e-07 1.27314e-07
0.895105 0.999773 1.04805e-07 1.17086e-07
0.899101 0.999721 1.05701e-07 1.17563e-07
0.903097 0.999698 1.24453e-07 1.37807e-07
0.907093 0.999732 1.05216e-07 1.15992e-07
0.911089 0.999663 1.50393e-07 1.65069e-07
0.915085 0.999659 1.28012e-07 1.39891e-07
0.919081 0.999653 1.50404e-07 1.63646e-07
0.923077 0.999638 1.27074e-07 1.37664e-07
0.927073 0.999639 1.52248e-07 1.64225e-07
0.931069 0.99963 1.50067e-07 1.61177e-07
0.935065 0.999625 1.47745e-07 1.58005e-07
0.939061 0.999586 1.8756e-07 1.99731e-07
0.943057 0.99957 2.01207e-07 2.13356e-07
0.947053 0.999569 1.69481e-07 1.78956e-07
0.951049 0.999533 2.03198e-07 2.13657e-07
0.955045 0.999503 2.21821e-07 2.32263e-07
0.959041 0.999486 2.11997e-07 2.21051e-07
0.963037 0.999508 2.14481e-07 2.22713e-07
0.967033 0.999469 2.29763e-07 2.37596e-07
0.971029 0.999471 2.52227e-07 2.59753e-07
0.975025 0.999458 2.66293e-07 2.73114e-07
0.979021 0.999454 2.05338e-07 2.09738e-07
0.983017 0.999359 2.68244e-07 2.72878e-07
0.987013 0.99936 2.73091e-07 2.76684e-07
0.991009 0.999389 2.73895e-07 2.7638e-07
0.995005 0.999316 3.18188e-07 3.19785e-07
0.999001 0.999261 3.39939e-07 3.40279e-07
1.003 0.99931 2.98771e-07 2.97879e-07
1.00699 0.999315 3.13994e-07 3.11814e-07
1.01099 0.99927 3.57021e-07 3.53141e-07
1.01499 0.999174 3.66532e-07 3.61121e-07
1.01898 0.999232 3.37943e-07 3.31648e-07
1.02298 0.999173 3.47447e-07 3.39643e-07
1.02697 0.99912 3.8858e-07 3.78374e-07
1.03097 0.99898 4.71775e-07 4.57603e-07
1.03497 0.999099 4.32208e-07 4.17607e-07
1.03896 0.999014 4.23913e-07 4.08016e-07
1.04296 0.998994 4.50941e-07 4.32368e-07
1.04695 0.99896 4.88191e-07 4.66297e-07
1.05095 0.998991 4.95223e-07 4.71215e-07
1.05495 0.998859 4.92822e-07 4.67154e-07
1.05894 0.998831 5.56779e-07 5.25789e-07
1.06294 0.998865 5.57728e-07 5.24704e-07
1.06693 0.998775 4.90893e-07 4.60097e-07
1.07093 0.998798 4.97617e-07 4.64659e-07
1.07493 0.998642 6.8333e-07 6.357e-07
1.07892 0.998803 5.17415e-07 4.79567e-07
1.08292 0.998689 6.03819e-07 5.57586e-07
1.08691 0.998706 5.71621e-07 5.25912e-07
1.09091 0.998611 5.98771e-07 5.48873e-07
1.09491 0.998415 8.22921e-07 7.51591e-07
1.0989 0.99853 6.89285e-07 6.27249e-07
1.1029 0.998299 8.03272e-07 7.28329e-07
1.10689 0.998461 6.58149e-07 5.94591e-07
1.11089 0.998327 8.08661e-07 7.2794e-07
1.11489 0.998397 7.14551e-07 6.40919e-07
1.11888 0.998235 8.15858e-07 7.29173e-07
1.12288 0.998256 7.21086e-07 6.42177e-07
1.12687 0.998184 9.70796e-07 8.61496e-07
1.13087 0.998075 9.58514e-07 8.4759e-07
1.13487 0.998061 9.91384e-07 8.7357e-07
1.13886 0.998124 9.76941e-07 8.57823e-07
1.14286 0.997905 1.03669e-06 9.07101e-07
1.14685 0.997894 1.17032e-06 1.02046e-06
1.15085 0.997899 8.63817e-07 7.50591e-07
1.15485 0.997661 1.12886e-06 9.77495e-07
1.15884 0.997702 1.13277e-06 9.77503e-07
1.16284 0.99763 1.00591e-06 8.65046e-07
1.16683 0.997603 9.65224e-07 8.27217e-07
1.17083 0.997619 1.14414e-06 9.77207e-07
1.17483 0.997498 1.13426e-06 9.65475e-07
1.17882 0.997478 1.20589e-06 1.02296e-06
1.18282 0.997455 1.27513e-06 1.07805e-06
1.18681 0.997203 1.2048e-06 1.01516e-06
1.19081 0.997154 1.3985e-06 1.17441e-06
1.19481 0.997132 1.40124e-06 1.17278e-06
1.1988 0.9972 1.42512e-06 1.18879e-06
1.2028 0.996784 1.50416e-06 1.25055e-06
1.20679 0.997019 1.55804e-06 1.29106e-06
1.21079 0.996924 1.53626e-06 1.26881e-06
1.21479 0.996866 1.56524e-06 1.28849e-06
1.21878 0.996617 1.93301e-06 1.58602e-06
1.22278 0.996493 1.79552e-06 1.46839e-06
1.22677 0.996489 1.81635e-06 1.48059e-06
1.23077 0.99656 1.47266e-06 1.19654e-06
1.23477 0.996413 1.81164e-06 1.4672e-06
1.23876 0.996393 1.70294e-06 1.37471e-06
1.24276 0.99612 2.14438e-06 1.7255e-06
1.24675 0.996202 1.81907e-06 1.45905e-06
1.25075 0.996082 1.77974e-06 1.42294e-06
1.25475 0.996133 1.77116e-06 1.41157e-06
1.25874 0.996056 1.76482e-06 1.40205e-06
1.26274 0.995697 2.2477e-06 1.78002e-06
1.26673 0.995864 2.47909e-06 1.95708e-06
1.27073 0.995677 1.88081e-06 1.4801e-06
1.27473 0.995476 2.31225e-06 1.81392e-06
1.27872 0.9954 2.15353e-06 1.68413e-06
1.28272 0.995193 2.17853e-06 1.69837e-06
1.28671 0.995244 2.15755e-06 1.67679e-06
1.29071 0.995187 2.5498e-06 1.9755e-06
1.29471 0.994936 2.64677e-06 2.0443e-06
1.2987 0.99489 2.24705e-06 1.73022e-06
1.3027 0.994788 2.66221e-06 2.04362e-06
1.30669 0.994679 2.93643e-06 2.24722e-06
1.31069 0.994399 4.06374e-06 3.10046e-06
1.31469 0.994527 2.37276e-06 1.80481e-06
1.31868 0.99429 2.87295e-06 2.17865e-06
1.32268 0.994267 2.80083e-06 2.11755e-06
1.32667 0.994067 3.14594e-06 2.3713e-06
1.33067 0.993811 3.05842e-06 2.29841e-06
1.33467 0.993845 3.6742e-06 2.7529e-06
1.33866 0.993717 3.35233e-06 2.50424e-06
1.34266 0.99359 3.54102e-06 2.63732e-06
1.34665 0.993581 3.68605e-06 2.7372e-06
1.35065 0.993353 3.70978e-06 2.74667e-06
1.35465 0.993216 3.39995e-06 2.50984e-06
1.35864 0.993073 3.55862e-06 2.61925e-06
1.36264 0.992922 3.27033e-06 2.4e-06
1.36663 0.99274 4.07616e-06 2.98263e-06
1.37063 0.99257 4.40465e-06 3.2136e-06
1.37463 0.992332 3.40823e-06 2.47939e-06
1.37862 0.992475 4.15299e-06 3.01242e-06
1.38262 0.992334 4.2481e-06 3.07251e-06
1.38661 0.99228 4.57818e-06 3.3017e-06
1.39061 0.991487 4.62679e-06 3.32717e-06
1.39461 0.991782 4.10176e-06 2.94116e-06
1.3986 0.991388 4.35183e-06 3.11156e-06
1.4026 0.991773 4.70142e-06 3.35194e-06
1.40659 0.991057 4.51153e-06 3.20742e-06
1.41059 0.99115 4.83201e-06 3.42552e-06
1.41459 0.99058 4.96981e-06 3.51326e-06
1.41858 0.990984 5.1241e-06 3.61213e-06
1.42258 0.990429 4.81303e-06 3.38331e-06
1.42657 0.990516 4.94015e-06 3.46295e-06
1.43057 0.990069 5.58688e-06 3.90536e-06
1.43457 0.990329 5.54733e-06 3.86691e-06
1.43856 0.990134 5.53359e-06 3.84661e-06
1.44256 0.989485 5.99745e-06 4.15751e-06
1.44655 0.989473 6.1839e-06 4.27492e-06
1.45055 0.989493 6.26618e-06 4.31987e-06
1.45455 0.989259 6.1014e-06 4.19472e-06
1.45854 0.988707 7.19386e-06 4.93223e-06
1.46254 0.988559 6.70587e-06 4.58509e-06
1.46653 0.988837 7.01564e-06 4.78383e-06
1.47053 0.988059 7.02806e-06 4.77927e-06
1.47453 0.987988 7.44393e-06 5.04836e-06
1.47852 0.98813 7.45525e-06 5.04237e-06
1.48252 0.987567 7.85936e-06 5.30136e-06
1.48651 0.987614 7.72353e-06 5.19574e-06
1.49051 0.987371 7.1021e-06 4.76488e-06
1.49451 0.987466 6.96219e-06 4.65853e-06
1.4985 0.986171 7.94519e-06 5.30209e-06
1.5025 0.986679 1.02193e-05 6.80154e-06
1.50649 0.986634 7.96379e-06 5.28631e-06
1.51049 0.98614 8.9351e-06 5.91537e-06
1.51449 0.986266 8.68561e-06 5.73502e-06
1.51848 0.985527 9.44364e-06 6.21913e-06
1.52248 0.985673 9.29021e-06 6.10203e-06
1.52647 0.984689 9.16734e-06 6.00557e-06
1.53047 0.984896 9.256e-06 6.04782e-06
1.53447 0.984678 8.70297e-06 5.67166e-06
1.53846 0.984479 9.64024e-06 6.26616e-06
1.54246 0.984624 9.32676e-06 6.04669e-06
1.54645 0.983819 1.04721e-05 6.77168e-06
1.55045 0.983506 8.99346e-06 5.80055e-06
1.55445 0.982878 1.07363e-05 6.9068e-06
1.55844 0.982994 1.04698e-05 6.7181e-06
1.56244 0.982948 1.13357e-05 7.25512e-06
1.56643 0.982642 1.02784e-05 6.56167e-06
1.57043 0.982111 1.1419e-05 7.27129e-06
1.57443 0.981668 1.16571e-05 7.40402e-06
1.57842 0.981171 1.14016e-05 7.2234e-06
1.58242 0.98087 1.49055e-05 9.41946e-06
1.58641 0.98051 1.39305e-05 8.7811e-06
1.59041 0.980918 1.36666e-05 8.59312e-06
1.59441 0.980527 1.14958e-05 7.21011e-06
1.5984 0.979905 1.66738e-05 1.04315e-05
1.6024 0.979177 1.1814e-05 7.37272e-06
1.60639 0.979388 1.48287e-05 9.23106e-06
1.61039 0.97956 1.49533e-05 9.28554e-06
1.61439 0.978595 1.56057e-05 9.66664e-06
1.61838 0.978819 1.22965e-05 7.59802e-06
1.62238 0.977724 1.56133e-05 9.62369e-06
1.62637 0.978095 1.41733e-05 8.71465e-06
1.63037 0.978025 1.45571e-05 8.92874e-06
1.63437 0.97705 1.87293e-05 1.14597e-05
1.63836 0.976591 1.30621e-05 7.97269e-06
1.64236 0.976769 1.60631e-05 9.78049e-06
1.64635 0.976231 1.40382e-05 8.52686e-06
1.65035 0.975929 1.83233e-05 1.11027e-05
1.65435 0.97594 1.94003e-05 1.17269e-05
1.65834 0.974161 1.58017e-05 9.52865e-06
1.66234 0.974468 1.75559e-05 1.0561e-05
1.66633 0.974498 2.14693e-05 1.28842e-05
1.67033 0.973923 1.74051e-05 1.04202e-05
1.67433 0.973473 1.94433e-05 1.16126e-05
1.67832 0.972326 2.03069e-05 1.20995e-05
1.68232 0.972806 1.98076e-05 1.1774e-05
1.68631 0.972889 1.89235e-05 1.12218e-05
1.69031 0.971921 1.96269e-05 1.16114e-05
1.69431 0.971614 2.15941e-05 1.27451e-05
1.6983 0.971641 2.05933e-05 1.21258e-05
1.7023 0.969652 2.4058e-05 1.41326e-05
1.70629 0.971047 2.28025e-05 1.33638e-05
1.71029 0.969173 2.31564e-05 1.35395e-05
1.71429 0.968988 2.11217e-05 1.2321e-05
1.71828 0.968875 2.60152e-05 1.51402e-05
1.72228 0.968405 2.39021e-05 1.38782e-05
1.72627 0.967897 2.3175e-05 1.34249e-05
1.73027 0.966494 3.00042e-05 1.73408e-05
1.73427 0.966437 2.80925e-05 1.61985e-05
1.73826 0.96631 2.3685e-05 1.36257e-05
1.74226 0.966293 2.66046e-05 1.52702e-05
1.74625 0.96589 2.67818e-05 1.53367e-05
1.75025 0.964874 3.0308e-05 1.73164e-05
1.75425 0.964649 3.101e-05 1.76771e-05
1.75824 0.963149 3.3927e-05 1.9296e-05
1.76224 0.963775 2.88894e-05 1.63936e-05
1.76623 0.963262 3.18623e-05 1.80397e-05
1.77023 0.962687 2.72921e-05 1.54173e-05
1.77423 0.962111 3.51293e-05 1.97998e-05
1.77822 0.961553 3.54705e-05 1.99472e-05
1.78222 0.960546 4.06826e-05 2.28269e-05
1.78621 0.960447 2.70995e-05 1.51715e-05
1.79021 0.959213 3.37348e-05 1.8844e-05
1.79421 0.960047 3.30647e-05 1.84286e-05
1.7982 0.958315 3.35926e-05 1.86812e-05
1.8022 0.956588 3.44434e-05 1.91119e-05
1.80619 0.958047 3.63926e-05 2.01488e-05
1.81019 0.956417 4.06578e-05 2.24605e-05
1.81419 0.954207 4.57904e-05 2.52402e-05
1.81818 0.955116 3.17307e-05 1.74519e-05
1.82218 0.953049 4.49202e-05 2.46519e-05
1.82617 0.954071 4.80154e-05 2.62929e-05
1.83017 0.953531 4.27317e-05 2.33485e-05
1.83417 0.950697 5.2627e-05 2.86926e-05
1.83816 0.952309 5.00872e-05 2.72486e-05
1.84216 0.952283 4.70095e-05 2.55187e-05
1.84615 0.949402 6.52058e-05 3.53198e-05
1.85015 0.950276 4.77503e-05 2.58089e-05
1.85415 0.950312 4.16125e-05 2.24429e-05
1.85814 0.948481 5.92198e-05 3.18705e-05
1.86214 0.949767 4.30008e-05 2.30922e-05
1.86613 0.947832 4.88148e-05 2.61583e-05
1.87013 0.946273 6.23318e-05 3.33302e-05
1.87413 0.945753 5.18524e-05 2.76675e-05
1.87812 0.944272 7.5048e-05 3.99591e-05
1.88212 0.946012 6.07586e-05 3.2282e-05
1.88611 0.943871 6.21162e-05 3.29334e-05
1.89011 0.942314 7.0613e-05 3.73592e-05
1.89411 0.942623 5.93226e-05 3.13196e-05
1.8981 0.941127 6.69683e-05 3.52817e-05
1.9021 0.938071 9.18052e-05 4.82652e-05
1.90609 0.937904 8.31744e-05 4.3636e-05
1.91009 0.938675 6.25177e-05 3.27302e-05
1.91409 0.936742 8.12287e-05 4.24373e-05
1.91808 0.937101 8.43254e-05 4.39634e-05
1.92208 0.934554 7.40241e-05 3.85125e-05
1.92607 0.934465 6.84662e-05 3.5547e-05
1.93007 0.933189 7.35573e-05 3.81112e-05
1.93407 0.934878 6.38749e-05 3.30262e-05
1.93806 0.931752 8.352e-05 4.30946e-05
1.94206 0.928445 9.09748e-05 4.68446e-05
1.94605 0.931312 6.66194e-05 3.42331e-05
1.95005 0.928521 8.30283e-05 4.25775e-05
1.95405 0.92769 0.000121602 6.22308e-05
1.95804 0.927945 8.80996e-05 4.49937e-05
1.96204 0.925433 8.39001e-05 4.27617e-05
1.96603 0.923126 0.00013628 6.93171e-05
1.97003 0.921561 9.09173e-05 4.61502e-05
1.97403 0.920258 0.000148117 7.50328e-05
1.97802 0.923525 0.0001242 6.27901e-05
1.98202 0.919149 0.000106533 5.37498e-05
1.98601 0.920729 0.000111145 5.59636e-05
1.99001 0.917216 0.000118995 5.97963e-05
1.99401 0.916674 0.000130522 6.54571e-05
1.998 0.91376 0.000139478 6.98085e-05
2.002 0.914098 0.000146452 7.31528e-05
2.00599 0.913995 0.000136941 6.82657e-05
2.00999 0.912053 0.000131951 6.56476e-05
2.01399 0.91145 0.000128973 6.40384e-05
2.01798 0.906118 0.000167622 8.30641e-05
2.02198 0.908686 0.000166915 8.25505e-05
2.02597 0.906076 0.000208823 0.000103073
2.02997 0.904586 0.000146589 7.22123e-05
2.03397 0.904028 0.00017018 8.36689e-05
2.03796 0.905958 0.000153117 7.51324e-05
2.04196 0.90388 0.000136393 6.6795e-05
2.04595 0.902534 0.000178606 8.72971e-05
2.04995 0.891883 0.000232326 0.000113333
2.05395 0.894672 0.000224352 0.00010923
2.05794 0.889415 0.000187095 9.09136e-05
2.06194 0.892964 0.000155775 7.55477e-05
2.06593 0.890748 0.000255385 0.000123617
2.06993 0.893405 0.00016568 8.00412e-05
2.07393 0.891276 0.000196454 9.47255e-05
2.07792 0.890129 0.000262794 0.000126469
2.08192 0.885086 0.000204189 9.80772e-05
2.08591 0.882114 0.000221113 0.000106003
2.08991 0.876287 0.000256091 0.000122537
2.09391 0.875584 0.000302154 0.000144302
2.0979 0.879317 0.000212764 0.000101417
2.1019 0.881068 0.000250434 0.000119146
2.10589 0.874609 0.000202027 9.59342e-05
2.10989 0.866506 0.000317408 0.000150438
2.11389 0.874474 0.000265615 0.000125653
2.11788 0.8651 0.000334143 0.000157772
2.12188 0.871443 0.000277377 0.000130722
2.12587 0.861025 0.000373146 0.000175526
2.12987 0.85747 0.000846883 0.000397622
2.13387 0.863476 0.000340163 0.000159412
2.13786 0.860458 0.000285911 0.000133737
2.14186 0.860662 0.000364145 0.000170013
2.14585 0.860959 0.0003823 0.000178158
2.14985 0.851196 0.000445751 0.000207341
2.15385 0.854161 0.000321011 0.000149041
2.15784 0.843519 0.000674484 0.000312573
2.16184 0.84246 0.000545327 0.000252251
2.16583 0.833958 0.000863941 0.000398895
2.16983 0.844774 0.000650744 0.000299906
2.17383 0.822941 0.000814746 0.000374798
2.17782 0.833968 0.000513264 0.000235678
2.18182 0.827551 0.000462097 0.000211794
2.18581 0.833033 0.00043087 0.000197121
2.18981 0.810759 0.000693833 0.000316846
2.19381 0.821688 0.000619495 0.000282383
2.1978 0.831209 0.000396164 0.000180255
2.2018 0.808178 0.000843174 0.000382948
2.20579 0.810195 0.00114562 0.000519368
2.20979 0.799355 0.00107915 0.000488351
2.21379 0.807615 0.000762666 0.000344507
2.21778 0.798206 0.000581844 0.000262354
2.22178 0.791663 0.000690905 0.000310969
2.22577 0.813361 0.000438045 0.000196806
2.22977 0.774575 0.00149873 0.000672145
2.23377 0.789406 0.00099101 0.00044365
2.23776 0.771143 0.00096303 0.000430354
2.24176 0.765368 0.00109501 0.00048846
2.24575 0.792608 0.000650968 0.000289866
2.24975 0.748891 0.00192377 0.000855105
2.25375 0.768215 0.00100278 0.000444941
2.25774 0.755548 0.00170641 0.000755806
2.26174 0.711697 0.00223634 0.000988768
2.26573 0.760582 0.00129424 0.000571224
2.26973 0.700008 0.00279696 0.00123229
2.27373 0.744656 0.00132529 0.000582872
2.27772 0.742677 0.00208737 0.000916427
2.28172 0.720144 0.000802092 0.00035153
2.28571 0.694449 0.00109061 0.000477141
2.28971 0.634142 0.00284818 0.0012439
2.29371 0.704826 0.00133351 0.000581379
2.2977 0.615203 0.00647227 0.00281684
2.3017 0.703877 0.00135714 0.000589625
2.30569 0.720726 0.000821393 0.000356246
2.30969 0.670937 0.00556297 0.00240854
2.31369 0.637741 0.00363025 0.00156903
2.31768 0.629693 0.00210764 0.000909374
2.32168 0.6616 0.00521675 0.00224697
2.32567 0.625777 0.0029412 0.00126467
2.32967 0.644299 0.00214392 0.000920268
2.33367 0.596854 0.0070748 0.00303162
2.33766 0.663611 0.00139661 0.000597438
2.34166 0.650588 0.00318543 0.00136033
2.34565 0.574529 0.00338642 0.0014437
2.34965 0.582 0.00370976 0.00157886
2.35365 0.575531 0.00339996 0.00144455
2.35764 0.593625 0.0025758 0.00109253
2.36164 0.557782 0.00305576 0.00129392
2.36563 0.606467 0.00210301 0.000888984
2.36963 0.429386 0.0063788 0.0026919
2.37363 0.542273 0.002064 0.000869556
2.37762 0.471059 0.0105839 0.00445147
2.38162 0.378488 0.00714016 0.00299803
2.38561 0.431514 0.00926576 0.00388402
2.38961 0.47858 0.0115814 0.00484657
2.39361 0.415612 0.00499483 0.00208674
2.3976 0.499609 0.00862039 0.00359542
2.4016 0.418498 0.00479337 0.00199591
2.40559 0.361966 0.00635696 0.00264257
2.40959 0.315967 0.00704841 0.00292515
2.41359 0.385913 0.0119077 0.0049336
2.41758 0.332687 0.00644073 0.00266412
2.42158 0.424505 0.0103835 0.00428791
2.42557 0.49234 0.00453672 0.00187037
2.42957 0.42157 0.00407934 0.00167904
2.43357 0.414332 0.00648268 0.00266386
2.43756 0.371438 0.00459418 0.00188474
2.44156 0.354137 0.0061634 0.00252437
2.44555 0.266711 0.00547933 0.00224052
2.44955 0.351438 0.00329761 0.00134621
2.45355 0.256176 0.00768572 0.00313249
2.45754 0.232252 0.00849446 0.00345649
2.46154 0.269196 0.00610221 0.00247902
2.46553 0.346058 0.0061915 0.00251122
2.46953 0.232384 0.0210124 0.00850865
2.47353 0.275677 0.00355778 0.00143834
2.47752 0.273613 0.008749 0.00353135
2.48152 0.19501 0.00427473 0.00172263
2.48551 0.259113 0.00908391 0.00365474
2.48951 0.289928 0.00474385 0.00190554
2.49351 0.164049 0.00311631 0.00124977
2.4975 0.218624 0.00290925 0.00116486
2.5015 0.206581 0.00581867 0.00232607
2.50549 0.274246 0.00732275 0.00292268
2.50949 0.243719 0.0117646 0.00468806
2.51349 0.233307 0.00676408 0.00269111
2.51748 0.151958 0.00587365 0.00233314
2.52148 0.213809 0.00612417 0.0024288
2.52547 0.184824 0.0072891 0.00288623
2.52947 0.278762 0.00485492 0.00191934
2.53347 0.252547 0.0062094 0.00245095
2.53746 0.138914 0.00661291 0.00260611
2.54146 0.189619 0.00720818 0.00283624
2.54545 0.0816024 0.00345761 0.00135835
2.54945 0.140845 0.00249833 0.000979949
2.55345 0.19497 0.00949978 0.00372037
2.55744 0.137247 0.00749426 0.00293037
2.56144 0.152111 0.00803293 0.0031361
2.56543 0.151037 0.00394036 0.00153594
2.56943 0.144343 0.00479629 0.00186668
2.57343 0.120813 0.00583663 0.00226804
2.57742 0.108396 0.00753724 0.00292433
2.58142 0.11328 0.00548807 0.00212599
2.58541 0.105769 0.00448482 0.00173466
2.58941 0.204963 0.00501682 0.00193744
2.59341 0.0970193 0.00293064 0.00113003
2.5974 0.161017 0.00532812 0.00205133
2.6014 0.094154 0.00338724 0.00130208
2.60539 0.132624 0.00377374 0.00144843
2.60939 0.101352 0.00337614 0.00129384
2.61339 0.0885436 0.00316235 0.00121006
2.61738 0.0918915 0.00255612 0.000976592
2.62138 0.0974422 0.00214577 0.000818566
2.62537 0.0900323 0.00258693 0.000985355
2.62937 0.110009 0.00433285 0.00164787
2.63337 0.119467 0.00265499 0.00100821
2.63736 0.069818 0.00168003 0.000637011
2.64136 0.123613 0.00412417 0.00156138
2.64535 0.131166 0.00377408 0.00142668
2.64935 0.118821 0.00379371 0.00143194
2.65335 0.118603 0.00323304 0.00121848
2.65734 0.116386 0.00393756 0.00148176
2.66134 0.104774 0.00280334 0.00105336
2.66533 0.109774 0.00476384 0.00178733
2.66933 0.1367 0.00678802 0.00254297
2.67333 0.120542 0.00649502 0.00242956
2.67732 0.0913877 0.00272595 0.00101816
2.68132 0.153095 0.00284873 0.00106244
2.68531 0.0878025 0.00249025 0.000927357
2.68931 0.100137 0.00380131 0.00141349
2.69331 0.103422 0.00549298 0.00203949
2.6973 0.103923 0.00335082 0.00124229
2.7013 0.116503 0.00233695 0.000865121
2.70529 0.0867785 0.00335738 0.00124104
2.70929 0.108096 0.00240036 0.000885972
2.71329 0.107719 0.00226859 0.000836104
2.71728 0.0953981 0.00285856 0.00105199
2.72128 0.0740575 0.00285486 0.00104909
2.72527 0.104059 0.00373207 0.00136943
2.72927 0.0877486 0.00268688 0.000984469
2.73327 0.0671351 0.00240652 0.000880456
2.73726 0.0589383 0.00219968 0.000803604
2.74126 0.076576 0.00221508 0.000808052
2.74525 0.0860333 0.00262359 0.000955681
2.74925 0.0686156 0.00215466 0.000783728
2.75325 0.0740493 0.00306221 0.00111222
2.75724 0.0888364 0.00263997 0.000957467
2.76124 0.0589162 0.00141127 0.000511101
2.76523 0.0835213 0.00340774 0.00123235
2.76923 0.0796581 0.00219972 0.000794342
2.77323 0.0719423 0.00217463 0.000784152
2.77722 0.0712511 0.00297247 0.0010703
2.78122 0.077196 0.002956 0.00106284
2.78521 0.0800564 0.0026763 0.000960894
2.78921 0.0890229 0.00192331 0.000689554
2.79321 0.0879015 0.00328893 0.00117747
2.7972 0.0898859 0.00289014 0.00103323
2.8012 0.0793595 0.00161261 0.000575685
2.80519 0.0730539 0.00183011 0.000652402
2.80919 0.0809178 0.00235638 0.000838811
2.81319 0.101296 0.00203034 0.000721723
2.81718 0.083896 0.00212841 0.000755508
2.82118 0.0875383 0.00321874 0.00114092
2.82517 0.0808499 0.00293089 0.00103742
2.82917 0.0555478 0.00154935 0.000547634
2.83317 0.0754284 0.00208199 0.000734864
2.83716 0.0575936 0.00186819 0.000658472
2.84116 0.0475572 0.00123616 0.000435089
2.84515 0.0598176 0.0017372 0.000610581
2.84915 0.0584295 0.00167541 0.000588039
2.85315 0.0694818 0.00255556 0.000895699
2.85714 0.0624024 0.00169226 0.000592292
2.86114 0.0532894 0.00119317 0.000417027
2.86513 0.0601014 0.00210842 0.000735888
2.86913 0.0534064 0.00143544 0.000500305
2.87313 0.053453 0.00137482 0.00047851
2.87712 0.0735316 0.00191662 0.000666158
2.88112 0.0544158 0.00145753 0.00050589
2.88511 0.0604082 0.00162527 0.000563331
2.88911 0.0692143 0.00296166 0.00102511
2.89311 0.0761744 0.00273368 0.000944895
2.8971 0.0700765 0.00199099 0.000687236
2.9011 0.0590479 0.00132602 0.000457075
2.90509 0.0562145 0.00138371 0.000476304
2.90909 0.0627451 0.00142925 0.000491304
2.91309 0.0441863 0.000933865 0.000320576
2.91708 0.06297 0.00195308 0.000669531
2.92108 0.0675228 0.0021433 0.000733735
2.92507 0.0596417 0.00142098 0.000485793
2.92907 0.061258 0.00223999 0.000764744
2.93307 0.0571052 0.00152399 0.00051959
2.93706 0.0458918 0.00114536 0.000389969
2.94106 0.0500184 0.00132864 0.000451754
2.94505 0.054136 0.00133647 0.0004538
2.94905 0.0537279 0.00110044 0.000373151
2.95305 0.0532011 0.00151418 0.00051275
2.95704 0.0475375 0.00166189 0.00056201
2.96104 0.0486729 0.00104582 0.000353193
2.96503 0.0491203 0.00115548 0.000389701
2.96903 0.053453 0.00148848 0.000501334
2.97303 0.0508151 0.0011144 0.000374835
2.97702 0.0527578 0.00102959 0.000345845
2.98102 0.0472741 0.00118404 0.000397194
2.98501 0.0670958 0.00167468 0.000561029
2.98901 0.0545965 0.00145135 0.000485561
2.99301 0.0497967 0.00117857 0.000393774
2.997 0.0466108 0.00124074 0.000413994
3.001 0.0500773 0.00148466 0.000494722
3.005 0.042898 0.00106573 0.000354651
3.00899 0.0503832 0.000990975 0.000329338
3.01299 0.0538211 0.00133992 0.000444713
3.01698 0.0404131 0.000913863 0.000302906
3.02098 0.0607632 0.00123702 0.000409478
3.02498 0.0431107 0.00115083 0.000380444
3.02897 0.0524109 0.00123849 0.000408882
3.03297 0.0364836 0.000758653 0.000250136
3.03696 0.0460734 0.000975245 0.000321125
3.04096 0.0453756 0.00113844 0.000374369
3.04496 0.0539086 0.00150862 0.000495451
3.04895 0.0615451 0.00138704 0.000454923
3.05295 0.0385089 0.000857987 0.000281036
3.05694 0.0488332 0.00125268 0.000409783
3.06094 0.0530211 0.00120071 0.000392268
3.06494 0.0492904 0.00123981 0.000404515
3.06893 0.0472013 0.000990892 0.000322879
3.07293 0.0456897 0.000964027 0.000313716
3.07692 0.0423795 0.000835314 0.000271477
3.08092 0.0440227 0.000947852 0.000307652
3.08492 0.0475179 0.000830765 0.000269299
3.08891 0.029454 0.000519672 0.000168238
3.09291 0.041869 0.000885308 0.000286238
3.0969 0.0380639 0.000778883 0.000251504
3.1009 0.0318744 0.000710842 0.000229238
3.1049 0.0370267 0.000726095 0.000233855
3.10889 0.0527259 0.00128091 0.000412016
3.11289 0.0465887 0.00104556 0.000335882
3.11688 0.0330972 0.000509366 0.000163421
3.12088 0.0479391 0.00113531 0.000363779
3.12488 0.0477306 0.00109271 0.000349681
3.12887 0.0443892 0.000836068 0.000267211
3.13287 0.0452096 0.000998708 0.000318784
3.13686 0.0500928 0.00101292 0.000322907
3.14086 0.0504781 0.00119802 0.000381432
3.14486 0.0447916 0.00103435 0.000328902
3.14885 0.0403722 0.00094682 0.000300687
3.15285 0.0366676 0.000597882 0.000189632
3.15684 0.0418429 0.00117348 0.000371727
3.16084 0.0501264 0.00177706 0.000562211
3.16484 0.0353752 0.000681244 0.000215254
3.16883 0.0475498 0.00131113 0.000413758
3.17283 0.0399329 0.000817428 0.000257634
3.17682 0.0439295 0.000861389 0.000271148
3.18082 0.048268 0.00133449 0.000419542
3.18482 0.0399935 0.000852598 0.000267707
3.18881 0.0357155 0.000796712 0.000249846
3.19281 0.0401399 0.000982912 0.000307852
3.1968 0.0371404 0.00101501 0.000317509
3.2008 0.0487677 0.00120056 0.000375082
3.2048 0.0355781 0.000685541 0.000213911
3.20879 0.0370766 0.000827124 0.000257768
3.21279 0.0324314 0.00060368 0.000187899
3.21678 0.0343389 0.000673092 0.000209244
3.22078 0.0384115 0.000749021 0.000232559
3.22478 0.043914 0.000904628 0.000280524
3.22877 0.0371232 0.000848494 0.000262792
3.23277 0.0364566 0.0007654 0.000236763
3.23676 0.0335283 0.000696585 0.000215211
3.24076 0.035511 0.00080437 0.000248204
3.24476 0.0375952 0.000852943 0.000262868
3.24875 0.032024 0.00063389 0.000195118
3.25275 0.0323889 0.000595789 0.000183165
3.25674 0.0351069 0.000798464 0.000245172
3.26074 0.0409914 0.000858537 0.000263295
3.26474 0.034756 0.000561235 0.000171908
3.26873 0.0401693 0.000714917 0.000218714
3.27273 0.0381171 0.000943746 0.000288367
3.27672 0.038553 0.000724427 0.000221083
3.28072 0.0349851 0.000654374 0.000199461
3.28472 0.0366112 0.000626443 0.000190714
3.28871 0.0347765 0.000722901 0.000219813
3.29271 0.0383093 0.000726251 0.000220564
3.2967 0.0298875 0.000580566 0.000176105
3.3007 0.0419607 0.000876832 0.00026565
3.3047 0.0436121 0.00085196 0.000257803
3.30869 0.0368672 0.000690384 0.000208658
3.31269 0.0431819 0.000980787 0.00029607
3.31668 0.0389546 0.000786175 0.000237036
3.32068 0.0357916 0.000734407 0.000221162
3.32468 0.0343135 0.000653666 0.000196611
3.32867 0.0358562 0.00059683 0.0001793
3.33267 0.0351086 0.000617761 0.000185365
3.33666 0.0312233 0.000649054 0.000194522
3.34066 0.0314089 0.000610557 0.000182765
3.34466 0.0344305 0.000596065 0.000178214
3.34865 0.0318376 0.000513985 0.00015349
3.35265 0.0320756 0.000494603 0.000147526
3.35664 0.0360263 0.000694295 0.000206842
3.36064 0.0408834 0.000857468 0.00025515
3.36464 0.038243 0.00059306 0.000176263
3.36863 0.0345442 0.000569734 0.000169129
3.37263 0.0356124 0.000637846 0.000189124
3.37662 0.035138 0.000806388 0.000238815
3.38062 0.0311775 0.000531976 0.00015736
3.38462 0.0340714 0.000803861 0.000237504
3.38861 0.0358145 0.000723237 0.000213432
3.39261 0.0361098 0.000657109 0.000193688
3.3966 0.0339119 0.000642752 0.000189234
3.4006 0.0355863 0.000635369 0.00018684
3.4046 0.0319831 0.000592125 0.000173919
3.40859 0.0360231 0.000616573 0.000180888
3.41259 0.0289068 0.000559392 0.00016392
3.41658 0.0368468 0.000695164 0.000203467
3.42058 0.0352035 0.000577152 0.000168729
3.42458 0.0321991 0.000485817 0.000141862
3.42857 0.0300879 0.000511163 0.000149089
3.43257 0.0294933 0.000424422 0.000123646
3.43656 0.0313239 0.000495882 0.000144296
3.44056 0.0351127 0.000672356 0.00019542
3.44456 0.0324649 0.000549498 0.000159526
3.44855 0.031921 0.000614057 0.000178062
3.45255 0.0336608 0.000559849 0.000162155
3.45654 0.0299104 0.000550149 0.000159162
3.46054 0.0308748 0.000504819 0.000145879
3.46454 0.0283072 0.000474534 0.000136969
3.46853 0.030793 0.000570682 0.000164531
3.47253 0.0250738 0.000361867 0.000104208
3.47652 0.0318924 0.000571837 0.000164485
3.48052 0.0379616 0.00081718 0.000234787
3.48452 0.0275261 0.000415391 0.000119211
3.48851 0.028034 0.000441799 0.000126644
3.49251 0.0330195 0.000570163 0.000163253
3.4965 0.0319717 0.000482525 0.000138002
3.5005 0.0345974 0.00056902 0.000162554
3.5045 0.0339503 0.000591269 0.000168717
3.50849 0.0321484 0.000496493 0.000141512
3.51249 0.033206 0.000554456 0.000157853
3.51648 0.0284365 0.000445916 0.000126807
3.52048 0.0362668 0.000739174 0.000209964
3.52448 0.0274116 0.000393717 0.000111709
3.52847 0.0320306 0.000564592 0.00016001
3.53247 0.0287367 0.000458297 0.000129739
3.53646 0.0301665 0.000470598 0.00013307
3.54046 0.0271114 0.000391779 0.000110658
3.54446 0.0294818 0.000425347 0.000120004
3.54845 0.0334964 0.000592653 0.000167017
3.55245 0.0306188 0.000479025 0.000134844
3.55644 0.0334113 0.000560847 0.000157699
3.56044 0.0326244 0.000531054 0.000149154
3.56444 0.036432 0.000631258 0.000177099
3.56843 0.0275212 0.000455388 0.000127616
3.57243 0.0332608 0.000598899 0.000167645
3.57642 0.0276815 0.000433163 0.000121116
3.58042 0.0341205 0.000735298 0.000205367
3.58442 0.0326588 0.000571586 0.000159464
3.58841 0.0243933 0.00033757 9.40722e-05
3.59241 0.0279907 0.000465501 0.000129579
3.5964 0.0306769 0.000570745 0.000158699
3.6004 0.0319995 0.000665702 0.000184897
3.6044 0.024691 0.000402924 0.000111787
3.60839 0.0297002 0.000464947 0.000128852
3.61239 0.0301517 0.000508485 0.000140761
3.61638 0.0242992 0.000328222 9.07598e-05
3.62038 0.0299366 0.000583965 0.000161299
3.62438 0.029288 0.000407561 0.00011245
3.62837 0.0293771 0.000526083 0.000144992
3.63237 0.0273224 0.000373926 0.000102943
3.63636 0.026039 0.000416943 0.000114659
3.64036 0.033853 0.000720065 0.000197801
3.64436 0.0252055 0.000345264 9.47394e-05
3.64835 0.029135 0.000427063 0.000117056
3.65235 0.0279514 0.000446135 0.00012215
3.65634 0.0278827 0.00046494 0.00012716
3.66034 0.033961 0.000681267 0.000186121
3.66434 0.0264791 0.000332588 9.07636e-05
3.66833 0.0257568 0.00037614 0.000102537
3.67233 0.0252955 0.000354833 9.66234e-05
3.67632 0.0277518 0.000465122 0.000126518
3.68032 0.0252914 0.000354366 9.62869e-05
3.68432 0.0302409 0.00043671 0.000118532
3.68831 0.0277657 0.000449658 0.000121914
3.69231 0.0308347 0.000493991 0.000133789
3.6963 0.0279285 0.000515912 0.000139575
3.7003 0.0285886 0.000429977 0.000116201
3.7043 0.0307448 0.000516025 0.000139304
3.70829 0.0286671 0.000459173 0.000123823
3.71229 0.0252309 0.000376164 0.00010133
3.71628 0.0243467 0.000341596 9.19188e-05
3.72028 0.0274664 0.000365226 9.81718e-05
3.72428 0.0255302 0.000347884 9.34098e-05
3.72827 0.02541 0.000367414 9.8548e-05
3.73227 0.0287571 0.000430494 0.000115344
3.73626 0.0289927 0.000430106 0.000115117
3.74026 0.0274582 0.00040964 0.000109522
3.74426 0.025693 0.000431633 0.000115279
3.74825 0.0274001 0.000413815 0.000110402
3.75225 0.0264799 0.000365855 9.75029e-05
3.75624 0.0249078 0.0003247 8.64426e-05
3.76024 0.0265233 0.000379545 0.000100936
3.76424 0.032033 0.00061649 0.000163776
3.76823 0.0267875 0.000410594 0.000108962
3.77223 0.0278573 0.000468407 0.000124173
3.77622 0.0296626 0.000443557 0.00011746
3.78022 0.0258877 0.000398689 0.000105467
3.78422 0.0301591 0.000483938 0.000127883
3.78821 0.0248898 0.000341468 9.01398e-05
3.79221 0.0281322 0.000400486 0.000105608
3.7962 0.0263965 0.000404887 0.000106656
3.8002 0.02829 0.00041604 0.000109478
3.8042 0.0268619 0.000410238 0.000107838
3.80819 0.0273707 0.000372394 9.77876e-05
3.81219 0.0251106 0.000319174 8.37247e-05
3.81618 0.0279179 0.000393799 0.000103192
3.82018 0.0278254 0.000440423 0.000115288
3.82418 0.0240448 0.000304077 7.95144e-05
3.82817 0.0281854 0.000369329 9.64767e-05
3.83217 0.0249969 0.000438335 0.000114383
3.83616 0.0269609 0.000332271 8.66155e-05
3.84016 0.0274099 0.000395093 0.000102885
3.84416 0.028398 0.00040964 0.000106562
3.84815 0.0292013 0.00051347 0.000133433
3.85215 0.0261216 0.000332967 8.64368e-05
3.85614 0.0238968 0.000329038 8.53283e-05
3.86014 0.0254918 0.000375087 9.71693e-05
3.86414 0.0283972 0.000444851 0.000115123
3.86813 0.0285444 0.000508734 0.000131519
3.87213 0.0315504 0.000593419 0.000153254
3.87612 0.0230436 0.000287538 7.41819e-05
3.88012 0.0246329 0.000352821 9.09304e-05
3.88412 0.0261126 0.000353191 9.09322e-05
3.88811 0.0254689 0.000366651 9.43006e-05
3.89211 0.0229921 0.000290383 7.46082e-05
3.8961 0.0260194 0.000354601 9.10144e-05
3.9001 0.0244252 0.000317439 8.13924e-05
3.9041 0.0275203 0.000378702 9.70013e-05
3.90809 0.0257045 0.000380469 9.73542e-05
3.91209 0.0259924 0.000395913 0.000101202
3.91608 0.0271097 0.000454198 0.000115983
3.92008 0.026219 0.00040283 0.000102761
3.92408 0.026965 0.000399268 0.000101748
3.92807 0.0263204 0.000403456 0.000102711
3.93207 0.0243246 0.000331496 8.43059e-05
3.93606 0.0258173 0.000362297 9.20456e-05
3.94006 0.0259785 0.000358829 9.1072e-05
3.94406 0.0246608 0.000346541 8.78641e-05
3.94805 0.0255883 0.000381727 9.66874e-05
3.95205 0.0261265 0.000388927 9.84115e-05
3.95604 0.025608 0.000364617 9.21669e-05
3.96004 0.0237904 0.000298121 7.52824e-05
3.96404 0.028542 0.000405008 0.000102171
3.96803 0.0237937 0.000341891 8.61612e-05
3.97203 0.023779 0.000287521 7.23864e-05
3.97602 0.024543 0.00029603 7.44539e-05
3.98002 0.0244661 0.000352817 8.8647e-05
3.98402 0.0223525 0.000371128 9.31542e-05
3.98801 0.0230404 0.000299401 7.50752e-05
3.99201 0.0251278 0.000316646 7.93199e-05
3.996 0.0283113 0.000397601 9.94997e-05
4 0.0226077 0.000297048 7.42619e-05
