0 1 0 nan
0.003996 1 0 0
0.00799201 1 0 0
0.011988 1 0 0
0.015984 1 0 0
0.01998 1 0 0
0.023976 1 0 0
0.027972 1 0 0
0.031968 1 0 0
0.035964 1 0 0
0.03996 1 0 0
0.043956 1 0 0
0.047952 1 0 0
0.0519481 1 0 0
0.0559441 1 0 0
0.0599401 1 0 0
0.0639361 1 0 0
0.0679321 1 0 0
0.0719281 1 0 0
0.0759241 1 0 0
0.0799201 1 0 0
0.0839161 1 0 0
0.0879121 1 0 0
0.0919081 1 0 0
0.0959041 1 0 0
0.0999001 1 0 0
0.103896 1 0 0
0.107892 1 0 0
0.111888 1 0 0
0.115884 1 0 0
0.11988 1 0 0
0.123876 1 0 0
0.127872 1 0 0
0.131868 1 0 0
0.135864 1 0 0
0.13986 1 0 0
0.143856 1 0 0
0.147852 1 0 0
0.151848 1 0 0
0.155844 1 0 0
0.15984 1 0 0
0.163836 1 0 0
0.167832 1 0 0
0.171828 1 0 0
0.175824 1 0 0
0.17982 1 0 0
0.183816 1 0 0
0.187812 1 0 0
0.191808 1 0 0
0.195804 1 0 0
0.1998 1 0 0
0.203796 1 0 0
0.207792 1 0 0
0.211788 1 0 0
0.215784 1 0 0
0.21978 1 0 0
0.223776 1 0 0
0.227772 1 0 0
0.231768 1 0 0
0.235764 1 0 0
0.23976 1 0 0
0.243756 1 0 0
0.247752 1 0 0
0.251748 1 0 0
0.255744 1 0 0
0.25974 1 0 0
0.263736 1 0 0
0.267732 1 0 0
0.271728 1 0 0
0.275724 1 0 0
0.27972 1 0 0
0.283716 1 0 0
0.287712 1 0 0
0.291708 1 0 0
0.295704 1 0 0
0.2997 1 0 0
0.303696 1 0 0
0.307692 1 0 0
0.311688 1 0 0
0.315684 1 0 0
0.31968 1 0 0
0.323676 1 0 0
0.327672 1 0 0
0.331668 1 0 0
0.335664 1 0 0
0.33966 1 0 0
0.343656 1 0 0
0.347652 1 0 0
0.351648 1 0 0
0.355644 1 0 0
0.35964 1 0 0
0.363636 1 0 0
0.367632 1 0 0
0.371628 1 0 0
0.375624 1 0 0
0.37962 1 0 0
0.383616 1 0 0
0.387612 1 0 0
0.391608 1 0 0
0.395604 1 0 0
0.3996 1 0 0
0.403596 1 0 0
0.407592 1 0 0
0.411588 1 0 0
0.415584 1 0 0
0.41958 1 0 0
0.423576 1 0 0
0.427572 1 0 0
0.431568 1 0 0
0.435564 1 0 0
0.43956 1 0 0
0.443556 1 0 0
0.447552 1 0 0
0.451548 1 0 0
0.455544 1 0 0
0.45954 1 0 0
0.463536 1 0 0
0.467532 1 0 0
0.471528 1 0 0
0.475524 1 0 0
0.47952 1 0 0
0.483516 1 0 0
0.487512 1 0 0
0.491508 1 0 0
0.495504 0.999996 1.35071e-09 2.72593e-09
0.4995 1 2.70695e-12 5.41931e-12
0.503497 1 5.55112e-15 1.10251e-14
0.507493 1 0 0
0.511489 1 0 0
0.515485 1 0 0
0.519481 1 0 0
0.523477 0.999999 3.89839e-10 7.44712e-10
0.527473 1 7.81153e-13 1.48094e-12
0.531469 1 1.55431e-15 2.92456e-15
0.535465 0.999999 3.89839e-10 7.28039e-10
0.539461 1 7.81153e-13 1.44803e-12
0.543457 1 1.55431e-15 2.86005e-15
0.547453 1 0 0
0.551449 0.999999 3.89839e-10 7.06936e-10
0.555445 1 7.81153e-13 1.40636e-12
0.559441 0.999998 5.83584e-10 1.04316e-09
0.563437 1 1.16951e-12 2.07567e-12
0.567433 0.999999 3.89841e-10 6.87027e-10
0.571429 0.999999 3.9062e-10 6.83586e-10
0.575425 0.999996 1.35149e-09 2.34869e-09
0.579421 0.999998 5.8629e-10 1.01186e-09
0.583417 0.999998 5.84757e-10 1.0023e-09
0.587413 0.999995 1.5417e-09 2.62457e-09
0.591409 0.999999 3.92929e-10 6.64395e-10
0.595405 0.999997 9.69502e-10 1.62831e-09
0.599401 0.999997 9.70658e-10 1.61938e-09
0.603397 0.999997 7.78486e-10 1.29017e-09
0.607393 0.999997 9.70275e-10 1.59744e-09
0.611389 1 1.94444e-12 3.18037e-12
0.615385 0.999999 3.89843e-10 6.33495e-10
0.619381 0.999997 9.69496e-10 1.56527e-09
0.623377 0.999994 1.73151e-09 2.77763e-09
0.627373 0.999995 1.544e-09 2.46106e-09
0.631369 0.999987 3.93992e-09 6.24028e-09
0.635365 0.999994 1.73746e-09 2.73459e-09
0.639361 0.999996 1.16359e-09 1.81992e-09
0.643357 0.999992 2.2943e-09 3.56615e-09
0.647353 0.999984 4.82778e-09 7.45772e-09
0.651349 0.999991 2.67266e-09 4.10327e-09
0.655345 0.999991 2.85267e-09 4.35293e-09
0.659341 0.999987 3.94254e-09 5.97952e-09
0.663337 0.999991 2.67089e-09 4.02644e-09
0.667333 0.999989 3.21898e-09 4.82364e-09
0.671329 0.999975 7.59851e-09 1.13186e-08
0.675325 0.999984 5.62122e-09 8.32373e-09
0.679321 0.999984 4.65874e-09 6.85794e-09
0.683317 0.999983 5.79025e-09 8.47374e-09
0.687313 0.999989 3.22523e-09 4.69252e-09
0.691309 0.999986 4.69159e-09 6.78654e-09
0.695305 0.999972 8.8047e-09 1.26631e-08
0.699301 0.999971 8.19015e-09 1.17119e-08
0.703297 0.999976 8.06106e-09 1.14618e-08
0.707293 0.999973 8.48908e-09 1.20022e-08
0.711289 0.999976 7.83576e-09 1.10163e-08
0.715285 0.999974 7.38029e-09 1.0318e-08
0.719281 0.999976 7.05072e-09 9.80246e-09
0.723277 0.999966 1.21784e-08 1.68378e-08
0.727273 0.999962 1.19204e-08 1.63905e-08
0.731269 0.99997 8.90547e-09 1.21781e-08
0.735265 0.999966 1.39007e-08 1.89057e-08
0.739261 0.999963 1.13834e-08 1.53983e-08
0.743257 0.99997 8.9044e-09 1.19802e-08
0.747253 0.999974 8.16525e-09 1.0927e-08
0.751249 0.999954 1.43078e-08 1.90454e-08
0.755245 0.999944 1.66882e-08 2.20964e-08
0.759241 0.999946 1.5529e-08 2.04533e-08
0.763237 0.999927 2.42137e-08 3.1725e-08
0.767233 0.99992 2.52312e-08 3.2886e-08
0.771229 0.999946 1.7631e-08 2.28609e-08
0.775225 0.999937 2.24546e-08 2.89653e-08
0.779221 0.999917 2.68725e-08 3.44864e-08
0.783217 0.999933 2.19837e-08 2.80684e-08
0.787213 0.999932 2.13024e-08 2.70606e-08
0.791209 0.99991 2.43139e-08 3.07301e-08
0.795205 0.999915 3.07613e-08 3.86835e-08
0.799201 0.999903 2.99757e-08 3.75071e-08
0.803197 0.999905 2.88886e-08 3.5967e-08
0.807193 0.999919 2.55253e-08 3.16223e-08
0.811189 0.999877 3.9432e-08 4.86101e-08
0.815185 0.99989 3.87555e-08 4.75419e-08
0.819181 0.999879 3.97228e-08 4.84909e-08
0.823177 0.999865 4.12488e-08 5.01093e-08
0.827173 0.999896 3.46787e-08 4.19244e-08
0.831169 0.999875 3.91789e-08 4.71371e-08
0.835165 0.999858 5.13012e-08 6.14264e-08
0.839161 0.999835 5.84979e-08 6.971e-08
0.843157 0.999838 4.68132e-08 5.55213e-08
0.847153 0.999823 5.92944e-08 6.99926e-08
0.851149 0.999843 4.95821e-08 5.82532e-08
0.855145 0.999801 6.539e-08 7.64665e-08
0.859141 0.999814 5.88869e-08 6.85416e-08
0.863137 0.999793 6.53733e-08 7.57392e-08
0.867133 0.999808 5.65628e-08 6.52296e-08
0.871129 0.999798 6.89862e-08 7.91918e-08
0.875125 0.999779 7.24083e-08 8.27405e-08
0.879121 0.999785 7.62453e-08 8.6729e-08
0.883117 0.999759 8.1557e-08 9.23513e-08
0.887113 0.999753 8.0857e-08 9.11462e-08
0.891109 0.999773 7.24525e-08 8.1306e-08
0.895105 0.99973 8.09188e-08 9.04014e-08
0.899101 0.999714 1.01236e-07 1.12597e-07
0.903097 0.999692 9.66657e-08 1.07038e-07
0.907093 0.999698 1.07913e-07 1.18966e-07
0.911089 0.999659 1.08198e-07 1.18757e-07
0.915085 0.999692 1.03334e-07 1.12922e-07
0.919081 0.999672 9.68354e-08 1.05361e-07
0.923077 0.999647 9.52654e-08 1.03204e-07
0.927073 0.999639 1.1053e-07 1.19225e-07
0.931069 0.999569 1.37538e-07 1.47721e-07
0.935065 0.999564 1.45769e-07 1.55892e-07
0.939061 0.99958 1.33449e-07 1.42109e-07
0.943057 0.999536 1.50693e-07 1.59792e-07
0.947053 0.999547 1.41512e-07 1.49423e-07
0.951049 0.999504 1.6408e-07 1.72525e-07
0.955045 0.999509 1.61633e-07 1.69241e-07
0.959041 0.999528 1.51938e-07 1.58427e-07
0.963037 0.999493 1.61402e-07 1.67597e-07
0.967033 0.999473 1.90788e-07 1.97293e-07
0.971029 0.999364 1.9382e-07 1.99603e-07
0.975025 0.999423 1.8639e-07 1.91165e-07
0.979021 0.999439 1.96303e-07 2.00509e-07
0.983017 0.999398 1.89885e-07 1.93166e-07
0.987013 0.999368 1.99364e-07 2.01987e-07
0.991009 0.999342 2.12656e-07 2.14586e-07
0.995005 0.99928 2.54e-07 2.55275e-07
0.999001 0.99931 2.23952e-07 2.24176e-07
1.003 0.999259 2.58859e-07 2.58085e-07
1.00699 0.999297 2.40684e-07 2.39013e-07
1.01099 0.999176 2.52866e-07 2.50117e-07
1.01499 0.999146 2.61488e-07 2.57627e-07
1.01898 0.999156 3.16881e-07 3.10978e-07
1.02298 0.999124 3.07765e-07 3.00852e-07
1.02697 0.999143 2.64357e-07 2.57414e-07
1.03097 0.999131 3.15846e-07 3.06358e-07
1.03497 0.999033 3.33442e-07 3.22177e-07
1.03896 0.999048 3.36484e-07 3.23866e-07
1.04296 0.999035 3.39266e-07 3.25292e-07
1.04695 0.998917 4.03465e-07 3.85371e-07
1.05095 0.998935 3.69241e-07 3.51341e-07
1.05495 0.998887 4.14607e-07 3.93013e-07
1.05894 0.998828 3.87089e-07 3.65544e-07
1.06294 0.99894 3.57113e-07 3.35968e-07
1.06693 0.998816 4.11871e-07 3.86033e-07
1.07093 0.998706 5.05134e-07 4.71679e-07
1.07493 0.998719 4.1555e-07 3.86585e-07
1.07892 0.998803 4.05259e-07 3.75615e-07
1.08292 0.998706 4.26699e-07 3.94028e-07
1.08691 0.998597 4.8751e-07 4.48527e-07
1.09091 0.998602 4.36699e-07 4.00308e-07
1.09491 0.998611 4.95073e-07 4.52161e-07
1.0989 0.998544 4.43299e-07 4.03402e-07
1.1029 0.998424 5.63152e-07 5.10611e-07
1.10689 0.998327 6.0075e-07 5.42736e-07
1.11089 0.99837 5.74347e-07 5.17016e-07
1.11489 0.998407 4.91622e-07 4.40962e-07
1.11888 0.998253 6.19171e-07 5.53384e-07
1.12288 0.998297 5.93744e-07 5.2877e-07
1.12687 0.998133 6.45577e-07 5.72892e-07
1.13087 0.997997 7.34518e-07 6.49517e-07
1.13487 0.998067 6.98113e-07 6.1515e-07
1.13886 0.998065 7.20715e-07 6.32838e-07
1.14286 0.997975 9.69116e-07 8.47976e-07
1.14685 0.99791 7.17676e-07 6.25779e-07
1.15085 0.99794 7.51849e-07 6.53299e-07
1.15485 0.997744 8.44441e-07 7.31216e-07
1.15884 0.997718 8.32515e-07 7.18403e-07
1.16284 0.997683 9.17359e-07 7.88897e-07
1.16683 0.997618 7.8958e-07 6.76686e-07
1.17083 0.997495 9.89079e-07 8.44768e-07
1.17483 0.997465 8.869e-07 7.5492e-07
1.17882 0.997427 9.38723e-07 7.96323e-07
1.18282 0.997311 1.0985e-06 9.28711e-07
1.18681 0.99731 9.35516e-07 7.88259e-07
1.19081 0.997152 1.22081e-06 1.0252e-06
1.19481 0.997101 9.80151e-07 8.20344e-07
1.1988 0.997198 9.8174e-07 8.18935e-07
1.2028 0.997067 9.57463e-07 7.9603e-07
1.20679 0.99703 9.94282e-07 8.23904e-07
1.21079 0.996938 1.26987e-06 1.0488e-06
1.21479 0.996862 1.24059e-06 1.02124e-06
1.21878 0.996599 1.22158e-06 1.00229e-06
1.22278 0.996648 1.28645e-06 1.05207e-06
1.22677 0.996563 1.30929e-06 1.06727e-06
1.23077 0.996688 1.37252e-06 1.11517e-06
1.23477 0.996541 1.29803e-06 1.05123e-06
1.23876 0.996275 1.30419e-06 1.05282e-06
1.24276 0.996233 1.70045e-06 1.36829e-06
1.24675 0.996203 1.52984e-06 1.22706e-06
1.25075 0.996172 1.53967e-06 1.231e-06
1.25475 0.99587 1.49397e-06 1.19066e-06
1.25874 0.995906 1.42846e-06 1.13483e-06
1.26274 0.995873 1.57236e-06 1.2452e-06
1.26673 0.99577 1.47409e-06 1.16369e-06
1.27073 0.995609 1.59006e-06 1.2513e-06
1.27473 0.995596 1.56838e-06 1.23037e-06
1.27872 0.995502 1.85083e-06 1.44741e-06
1.28272 0.995279 1.61517e-06 1.25918e-06
1.28671 0.995406 1.64647e-06 1.27959e-06
1.29071 0.995125 2.02646e-06 1.57003e-06
1.29471 0.995001 1.72449e-06 1.33196e-06
1.2987 0.994865 1.82631e-06 1.40626e-06
1.3027 0.99475 1.81235e-06 1.39123e-06
1.30669 0.994613 2.07e-06 1.58415e-06
1.31069 0.994619 2.26409e-06 1.7274e-06
1.31469 0.994539 2.44936e-06 1.86307e-06
1.31868 0.994264 2.16826e-06 1.64427e-06
1.32268 0.994196 2.40487e-06 1.81818e-06
1.32667 0.993969 3.03841e-06 2.29025e-06
1.33067 0.994127 2.62456e-06 1.97236e-06
1.33467 0.993826 2.80856e-06 2.10431e-06
1.33866 0.993723 2.68076e-06 2.00257e-06
1.34266 0.993699 2.23832e-06 1.66709e-06
1.34665 0.99348 2.95232e-06 2.19234e-06
1.35065 0.993166 3.02651e-06 2.24079e-06
1.35465 0.993332 2.49459e-06 1.84151e-06
1.35864 0.992929 2.69293e-06 1.98207e-06
1.36264 0.993012 2.37401e-06 1.74222e-06
1.36663 0.9928 2.69396e-06 1.97124e-06
1.37063 0.99249 2.96238e-06 2.16133e-06
1.37463 0.992457 3.1303e-06 2.2772e-06
1.37862 0.992435 3.25138e-06 2.35843e-06
1.38262 0.992487 2.43152e-06 1.75864e-06
1.38661 0.992315 3.33548e-06 2.40549e-06
1.39061 0.991986 3.26212e-06 2.34582e-06
1.39461 0.991607 3.54856e-06 2.54449e-06
1.3986 0.991784 3.56596e-06 2.54966e-06
1.4026 0.991402 3.72056e-06 2.65262e-06
1.40659 0.990994 4.19273e-06 2.98077e-06
1.41059 0.991191 3.42244e-06 2.42625e-06
1.41459 0.990849 4.35015e-06 3.07521e-06
1.41858 0.990859 4.07157e-06 2.87017e-06
1.42258 0.990743 3.69662e-06 2.59854e-06
1.42657 0.990234 4.6471e-06 3.25752e-06
1.43057 0.990165 3.94617e-06 2.75846e-06
1.43457 0.989894 3.95097e-06 2.75412e-06
1.43856 0.989669 4.72503e-06 3.28455e-06
1.44256 0.989867 3.99715e-06 2.77088e-06
1.44655 0.989288 5.44511e-06 3.7642e-06
1.45055 0.989284 4.69631e-06 3.23761e-06
1.45455 0.989076 4.29475e-06 2.95264e-06
1.45854 0.989101 4.41381e-06 3.02618e-06
1.46254 0.989085 5.00661e-06 3.42324e-06
1.46653 0.988618 5.65054e-06 3.85299e-06
1.47053 0.988425 5.11278e-06 3.47683e-06
1.47453 0.988117 5.2437e-06 3.5562e-06
1.47852 0.988101 4.86536e-06 3.29069e-06
1.48252 0.987994 5.89994e-06 3.97968e-06
1.48651 0.987496 4.9363e-06 3.32072e-06
1.49051 0.987114 6.19337e-06 4.1552e-06
1.49451 0.986901 6.54611e-06 4.38012e-06
1.4985 0.986555 6.62707e-06 4.42247e-06
1.5025 0.986995 5.95835e-06 3.96563e-06
1.50649 0.986495 5.46348e-06 3.62662e-06
1.51049 0.985699 7.92915e-06 5.24939e-06
1.51449 0.985669 6.27703e-06 4.14466e-06
1.51848 0.985546 7.34173e-06 4.83491e-06
1.52248 0.985555 6.59434e-06 4.33132e-06
1.52647 0.985191 7.9409e-06 5.20212e-06
1.53047 0.985031 8.0474e-06 5.25813e-06
1.53447 0.984362 7.60067e-06 4.9533e-06
1.53846 0.984701 7.55199e-06 4.90879e-06
1.54246 0.984148 7.69552e-06 4.98913e-06
1.54645 0.984053 8.67934e-06 5.61242e-06
1.55045 0.983529 8.06655e-06 5.20272e-06
1.55445 0.983359 8.68618e-06 5.58796e-06
1.55844 0.983628 8.53929e-06 5.47938e-06
1.56244 0.982544 1.03317e-05 6.61253e-06
1.56643 0.982459 8.86702e-06 5.66064e-06
1.57043 0.98213 9.32761e-06 5.93953e-06
1.57443 0.981752 9.19275e-06 5.8388e-06
1.57842 0.981831 7.60668e-06 4.81917e-06
1.58242 0.981741 1.06671e-05 6.74099e-06
1.58641 0.980975 1.07152e-05 6.75434e-06
1.59041 0.981154 7.28759e-06 4.58221e-06
1.59441 0.980568 9.12235e-06 5.72148e-06
1.5984 0.980285 1.1002e-05 6.88312e-06
1.6024 0.980029 9.78684e-06 6.10762e-06
1.60639 0.979463 1.18278e-05 7.36297e-06
1.61039 0.979366 9.38101e-06 5.82531e-06
1.61439 0.97857 1.02807e-05 6.36817e-06
1.61838 0.978185 1.21213e-05 7.48975e-06
1.62238 0.978303 1.05677e-05 6.5137e-06
1.62637 0.977328 1.13488e-05 6.97799e-06
1.63037 0.977447 1.23796e-05 7.59312e-06
1.63437 0.977234 1.34585e-05 8.2347e-06
1.63836 0.97663 1.14177e-05 6.96899e-06
1.64236 0.975797 1.53217e-05 9.32911e-06
1.64635 0.976082 1.4541e-05 8.83224e-06
1.65035 0.975217 1.59505e-05 9.66489e-06
1.65435 0.975354 1.42251e-05 8.5986e-06
1.65834 0.975582 9.97471e-06 6.01487e-06
1.66234 0.974565 1.41598e-05 8.51798e-06
1.66633 0.974666 1.39941e-05 8.39816e-06
1.67033 0.973757 1.52395e-05 9.12363e-06
1.67433 0.973185 1.43845e-05 8.59125e-06
1.67832 0.972712 1.51025e-05 8.99855e-06
1.68232 0.972503 1.64383e-05 9.7712e-06
1.68631 0.97262 1.48877e-05 8.82853e-06
1.69031 0.972159 1.58979e-05 9.40529e-06
1.69431 0.971692 1.85699e-05 1.09602e-05
1.6983 0.970772 1.65151e-05 9.72451e-06
1.7023 0.971046 1.45867e-05 8.56882e-06
1.70629 0.969831 2.1867e-05 1.28155e-05
1.71029 0.969424 1.99678e-05 1.16751e-05
1.71429 0.969567 1.66726e-05 9.72566e-06
1.71828 0.969462 1.73713e-05 1.01097e-05
1.72228 0.968263 1.76425e-05 1.02437e-05
1.72627 0.967756 1.7927e-05 1.03848e-05
1.73027 0.967393 1.99845e-05 1.15499e-05
1.73427 0.96673 1.97157e-05 1.13684e-05
1.73826 0.965485 2.10819e-05 1.21281e-05
1.74226 0.96612 2.17139e-05 1.24631e-05
1.74625 0.964428 2.74473e-05 1.57178e-05
1.75025 0.964612 2.37449e-05 1.35666e-05
1.75425 0.964282 1.911e-05 1.08936e-05
1.75824 0.962994 2.5349e-05 1.44172e-05
1.76224 0.963648 2.29649e-05 1.30317e-05
1.76623 0.961959 2.68657e-05 1.52107e-05
1.77023 0.962667 2.1743e-05 1.22826e-05
1.77423 0.961698 2.06439e-05 1.16354e-05
1.77822 0.960798 2.97139e-05 1.67099e-05
1.78222 0.959864 2.93976e-05 1.6495e-05
1.78621 0.959254 2.4688e-05 1.38214e-05
1.79021 0.959906 2.44038e-05 1.36318e-05
1.79421 0.959725 2.81525e-05 1.56908e-05
1.7982 0.957394 3.08097e-05 1.71336e-05
1.8022 0.958049 2.45553e-05 1.36252e-05
1.80619 0.957312 3.56817e-05 1.97552e-05
1.81019 0.957433 2.55925e-05 1.4138e-05
1.81419 0.95643 3.54107e-05 1.95188e-05
1.81818 0.955815 3.31185e-05 1.82152e-05
1.82218 0.954857 2.92063e-05 1.60282e-05
1.82617 0.953295 3.28076e-05 1.79652e-05
1.83017 0.952591 3.37657e-05 1.84495e-05
1.83417 0.95234 3.51407e-05 1.91589e-05
1.83816 0.952891 3.13712e-05 1.70666e-05
1.84216 0.951926 4.07338e-05 2.2112e-05
1.84615 0.949464 4.66031e-05 2.52434e-05
1.85015 0.948846 4.15795e-05 2.24736e-05
1.85415 0.948701 4.40313e-05 2.37475e-05
1.85814 0.950093 3.08863e-05 1.66221e-05
1.86214 0.950031 3.74856e-05 2.01304e-05
1.86613 0.947509 5.44089e-05 2.91559e-05
1.87013 0.947323 4.24164e-05 2.2681e-05
1.87413 0.944898 4.99546e-05 2.66549e-05
1.87812 0.94508 4.55548e-05 2.42555e-05
1.88212 0.945465 4.04734e-05 2.15042e-05
1.88611 0.944078 5.30067e-05 2.81036e-05
1.89011 0.94301 5.65828e-05 2.99363e-05
1.89411 0.940349 4.8657e-05 2.56886e-05
1.8981 0.94078 4.22468e-05 2.22574e-05
1.9021 0.939642 5.88267e-05 3.09273e-05
1.90609 0.938661 5.50574e-05 2.88849e-05
1.91009 0.938206 5.21542e-05 2.73046e-05
1.91409 0.937695 5.10284e-05 2.66594e-05
1.91808 0.936593 6.17463e-05 3.21917e-05
1.92208 0.93642 4.59826e-05 2.39234e-05
1.92607 0.934731 6.46015e-05 3.35405e-05
1.93007 0.930535 6.57873e-05 3.40855e-05
1.93407 0.931991 5.19277e-05 2.6849e-05
1.93806 0.933203 6.61551e-05 3.41347e-05
1.94206 0.929567 7.58751e-05 3.90694e-05
1.94605 0.926022 8.85418e-05 4.54981e-05
1.95005 0.928679 7.60769e-05 3.90128e-05
1.95405 0.928696 7.75771e-05 3.97007e-05
1.95804 0.927663 7.22419e-05 3.6895e-05
1.96204 0.928025 5.16216e-05 2.63102e-05
1.96603 0.924406 6.74589e-05 3.43122e-05
1.97003 0.922712 7.93164e-05 4.02615e-05
1.97403 0.922395 8.01227e-05 4.05885e-05
1.97802 0.920805 0.000108155 5.46784e-05
1.98202 0.921221 8.66777e-05 4.3732e-05
1.98601 0.920259 7.29081e-05 3.67108e-05
1.99001 0.917444 8.58838e-05 4.31575e-05
1.99401 0.919378 7.85026e-05 3.93693e-05
1.998 0.914168 0.000105475 5.27904e-05
2.002 0.914965 8.2214e-05 4.1066e-05
2.00599 0.912061 0.000104272 5.19801e-05
2.00999 0.905952 0.000208707 0.000103835
2.01399 0.911889 8.05754e-05 4.00079e-05
2.01798 0.909774 0.000113916 5.64506e-05
2.02198 0.905635 0.000130745 6.4662e-05
2.02597 0.904701 0.000101393 5.00463e-05
2.02997 0.907531 0.000150138 7.39608e-05
2.03397 0.90422 0.000107395 5.28007e-05
2.03796 0.905297 0.000115576 5.67115e-05
2.04196 0.902137 0.000110648 5.41872e-05
2.04595 0.9007 9.61532e-05 4.69967e-05
2.04995 0.896245 0.000143994 7.02427e-05
2.05395 0.898401 0.00014089 6.85946e-05
2.05794 0.897038 0.000149745 7.27643e-05
2.06194 0.89242 0.000171284 8.30696e-05
2.06593 0.890392 0.000172774 8.36299e-05
2.06993 0.891516 0.000135545 6.54829e-05
2.07393 0.888668 0.00017229 8.30741e-05
2.07792 0.887161 0.000161323 7.76367e-05
2.08192 0.887109 0.000145388 6.98335e-05
2.08591 0.885594 0.000118052 5.65947e-05
2.08991 0.887188 0.000112916 5.40291e-05
2.09391 0.8781 0.000297544 0.0001421
2.0979 0.879109 0.000146317 6.97444e-05
2.1019 0.876552 0.000170803 8.12612e-05
2.10589 0.872043 0.000245724 0.000116684
2.10989 0.874334 0.000227854 0.000107994
2.11389 0.874562 0.000203746 9.63847e-05
2.11788 0.873625 0.000225583 0.000106513
2.12188 0.860005 0.000350077 0.000164984
2.12587 0.866023 0.000231203 0.000108757
2.12987 0.859208 0.000255662 0.000120036
2.13387 0.86924 0.000197672 9.26354e-05
2.13786 0.857854 0.000219713 0.000102772
2.14186 0.855912 0.00032677 0.000152564
2.14585 0.854123 0.000290308 0.000135288
2.14985 0.85727 0.00032352 0.000150485
2.15385 0.840819 0.000524967 0.000243735
2.15784 0.841809 0.000314054 0.000145541
2.16184 0.843533 0.000354469 0.000163967
2.16583 0.824902 0.000948231 0.000437814
2.16983 0.83667 0.000381732 0.000175927
2.17383 0.830234 0.000542484 0.000249553
2.17782 0.813924 0.00092558 0.000425002
2.18182 0.828422 0.000531286 0.000243506
2.18581 0.827576 0.000284761 0.000130277
2.18981 0.822633 0.000642746 0.000293517
2.19381 0.817785 0.000406039 0.000185084
2.1978 0.824626 0.000450615 0.00020503
2.2018 0.817776 0.000296861 0.000134827
2.20579 0.803463 0.000386417 0.000175183
2.20979 0.778907 0.00141042 0.000638262
2.21379 0.804897 0.000398895 0.000180187
2.21778 0.797064 0.000598504 0.000269866
2.22178 0.801042 0.000486074 0.000218777
2.22577 0.793202 0.000628317 0.000282292
2.22977 0.752935 0.00140556 0.000630359
2.23377 0.763854 0.000727994 0.000325904
2.23776 0.781139 0.000756562 0.000338089
2.24176 0.78084 0.000680291 0.000303463
2.24575 0.745773 0.00283811 0.00126376
2.24975 0.774579 0.00121396 0.000539599
2.25375 0.763106 0.000892995 0.000396227
2.25774 0.757935 0.000822418 0.000364266
2.26174 0.740938 0.00177798 0.000786113
2.26573 0.764484 0.00045532 0.000200959
2.26973 0.706061 0.00297221 0.0013095
2.27373 0.746412 0.00161802 0.000711615
2.27772 0.718658 0.000862541 0.000378686
2.28172 0.681308 0.00246593 0.00108074
2.28571 0.70103 0.00153094 0.000669786
2.28971 0.716496 0.000833972 0.000364226
2.29371 0.647339 0.00189823 0.000827583
2.2977 0.704445 0.00241046 0.00104908
2.3017 0.654102 0.00541758 0.00235373
2.30569 0.72151 0.00166418 0.000721768
2.30969 0.681021 0.00168365 0.000728951
2.31369 0.698921 0.00269261 0.00116378
2.31768 0.687816 0.000981991 0.000423695
2.32168 0.638924 0.00282627 0.00121734
2.32567 0.635989 0.00197404 0.000848801
2.32967 0.601003 0.00135528 0.000581746
2.33367 0.62693 0.00249788 0.00107037
2.33766 0.661728 0.00122261 0.000523006
2.34166 0.63177 0.00182062 0.000777491
2.34565 0.530051 0.000963407 0.00041072
2.34965 0.568593 0.00296437 0.00126162
2.35365 0.620176 0.00192315 0.000817094
2.35764 0.565818 0.00140245 0.000594854
2.36164 0.550232 0.00182569 0.000773062
2.36563 0.53619 0.00382277 0.00161596
2.36963 0.44893 0.00375817 0.00158597
2.37363 0.54459 0.000793893 0.000334464
2.37762 0.491023 0.0069511 0.00292355
2.38162 0.500121 0.010609 0.00445453
2.38561 0.502063 0.00482627 0.00202307
2.38961 0.466031 0.00518139 0.0021683
2.39361 0.433281 0.00457001 0.00190926
2.3976 0.555859 0.00358272 0.00149429
2.4016 0.480162 0.00385354 0.00160457
2.40559 0.462223 0.00350769 0.00145814
2.40959 0.365966 0.00336956 0.0013984
2.41359 0.392751 0.00464101 0.00192287
2.41758 0.428712 0.00880462 0.00364191
2.42158 0.388974 0.00571219 0.00235887
2.42557 0.441347 0.00399698 0.00164785
2.42957 0.454944 0.00507209 0.00208765
2.43357 0.347501 0.00689393 0.00283285
2.43756 0.34527 0.00396235 0.00162554
2.44156 0.370686 0.00286848 0.00117486
2.44555 0.275151 0.00261669 0.00106998
2.44955 0.396155 0.00833147 0.00340123
2.45355 0.300662 0.00584696 0.00238306
2.45754 0.238011 0.00379962 0.0015461
2.46154 0.304721 0.00580324 0.00235757
2.46553 0.227433 0.00619282 0.00251175
2.46953 0.237034 0.00233537 0.000945675
2.47353 0.245215 0.0037272 0.00150684
2.47752 0.252948 0.00234542 0.00094668
2.48152 0.256573 0.0032709 0.0013181
2.48551 0.204853 0.00754223 0.00303447
2.48951 0.185834 0.00278738 0.00111965
2.49351 0.218089 0.0031596 0.00126713
2.4975 0.212565 0.00272474 0.00109098
2.5015 0.224715 0.00713981 0.00285421
2.50549 0.25748 0.00637569 0.00254468
2.50949 0.258314 0.00294481 0.00117347
2.51349 0.114755 0.00276073 0.00109837
2.51748 0.286401 0.00520606 0.00206796
2.52148 0.131185 0.0026767 0.00106156
2.52547 0.210612 0.00758021 0.0030015
2.52947 0.184536 0.0039788 0.00157298
2.53347 0.2499 0.00371437 0.00146612
2.53746 0.149357 0.00625899 0.00246663
2.54146 0.232337 0.00357823 0.00140794
2.54545 0.148137 0.0032378 0.00127199
2.54945 0.150143 0.00783991 0.00307514
2.55345 0.219207 0.00827488 0.00324067
2.55744 0.139481 0.00869075 0.00339822
2.56144 0.135887 0.0026145 0.00102071
2.56543 0.139636 0.00377695 0.00147224
2.56943 0.198841 0.00283288 0.00110253
2.57343 0.155626 0.00366972 0.00142601
2.57742 0.134042 0.00364817 0.00141543
2.58142 0.147264 0.0028521 0.00110486
2.58541 0.185691 0.00374151 0.00144716
2.58941 0.148808 0.0049468 0.0019104
2.59341 0.195884 0.00367884 0.00141854
2.5974 0.133283 0.0046198 0.00177862
2.6014 0.105595 0.00560089 0.00215303
2.60539 0.190473 0.0067323 0.00258398
2.60939 0.178804 0.00357721 0.0013709
2.61339 0.113382 0.00313752 0.00120056
2.61738 0.115065 0.00316758 0.00121021
2.62138 0.133418 0.00231461 0.000882973
2.62537 0.0918061 0.00213362 0.00081269
2.62937 0.169233 0.00409973 0.00155921
2.63337 0.132094 0.00307383 0.00116726
2.63736 0.120658 0.00402428 0.00152587
2.64136 0.107595 0.00296381 0.00112208
2.64535 0.0910502 0.00372945 0.00140981
2.64935 0.114509 0.00200755 0.00075775
2.65335 0.0938515 0.00350041 0.00131924
2.65734 0.119113 0.00476662 0.00179375
2.66134 0.0986417 0.00179019 0.000672665
2.66533 0.0771242 0.00170786 0.000640769
2.66933 0.141184 0.00210236 0.000787598
2.67333 0.0900463 0.0034827 0.00130276
2.67732 0.0896618 0.00144455 0.00053955
2.68132 0.156437 0.00452813 0.00168877
2.68531 0.14806 0.00163739 0.000609759
2.68931 0.126031 0.00362485 0.00134787
2.69331 0.124985 0.00378535 0.00140546
2.6973 0.109882 0.00292161 0.00108316
2.7013 0.0668856 0.00227678 0.000842847
2.70529 0.0675996 0.00239762 0.00088627
2.70929 0.0827311 0.00304803 0.00112503
2.71329 0.0930774 0.00226143 0.000833464
2.71728 0.107978 0.00341688 0.00125746
2.72128 0.107407 0.00441507 0.00162243
2.72527 0.0767291 0.00219925 0.000806982
2.72927 0.0573704 0.00158109 0.00057931
2.73327 0.0644188 0.00235381 0.000861169
2.73726 0.0861792 0.00266992 0.000975398
2.74126 0.0731551 0.00185493 0.000676671
2.74525 0.0780029 0.00281593 0.00102575
2.74925 0.0720942 0.00198553 0.000722209
2.75325 0.0892936 0.00186067 0.000675808
2.75724 0.0553231 0.00148829 0.000539775
2.76124 0.0701415 0.00306754 0.00111093
2.76523 0.0692867 0.00208406 0.000753665
2.76923 0.0813508 0.00174215 0.000629109
2.77323 0.0864604 0.00166953 0.000602017
2.77722 0.0654496 0.00190061 0.000684356
2.78122 0.061788 0.00139296 0.000500846
2.78521 0.0756156 0.00129472 0.000464853
2.78921 0.0781594 0.00135735 0.000486644
2.79321 0.0717667 0.0016324 0.000584416
2.7972 0.0611229 0.0019923 0.000712246
2.8012 0.0642861 0.00251835 0.000899027
2.80519 0.0735728 0.00148545 0.000529537
2.80919 0.0581939 0.00195505 0.000695949
2.81319 0.076771 0.00276647 0.000983395
2.81718 0.0502229 0.000991552 0.000351966
2.82118 0.0731025 0.00252994 0.000896768
2.82517 0.0593199 0.00229639 0.000812831
2.82917 0.0696913 0.00166873 0.000589832
2.83317 0.0674255 0.00179516 0.000633624
2.83716 0.0835803 0.00184889 0.00065167
2.84116 0.0641289 0.00210708 0.000741627
2.84515 0.0420359 0.00100237 0.000352306
2.84915 0.0591809 0.00145379 0.000510254
2.85315 0.0621562 0.00264448 0.000926864
2.85714 0.0684256 0.00221611 0.000775638
2.86114 0.0546587 0.00131962 0.000461223
2.86513 0.0656638 0.00107381 0.000374785
2.86913 0.0650582 0.00205935 0.000717761
2.87313 0.0486454 0.00131541 0.000457832
2.87712 0.0472219 0.00109944 0.000382132
2.88112 0.064189 0.00180357 0.000625997
2.88511 0.0544965 0.00151535 0.000525229
2.88911 0.0548021 0.00126989 0.000439545
2.89311 0.0530968 0.000940244 0.000324995
2.8971 0.0524173 0.001444 0.000498429
2.9011 0.0622226 0.00134936 0.000465119
2.90509 0.0624756 0.0017903 0.000616261
2.90909 0.0486792 0.000990273 0.000340406
2.91309 0.0619796 0.00127125 0.000436392
2.91708 0.0534444 0.000954397 0.000327175
2.92108 0.0555486 0.00112495 0.000385113
2.92507 0.0541658 0.00153818 0.000525862
2.92907 0.0474937 0.00109622 0.000374256
2.93307 0.0557365 0.00167353 0.000570573
2.93706 0.054013 0.00120713 0.000410998
2.94106 0.0536692 0.00102639 0.000348987
2.94505 0.0495353 0.00116338 0.000395028
2.94905 0.0622764 0.00147207 0.000499167
2.95305 0.0454233 0.00138173 0.000467898
2.95704 0.0548171 0.00132647 0.000448581
2.96104 0.0464861 0.000763873 0.000257975
2.96503 0.0505755 0.00124259 0.00041908
2.96903 0.0466583 0.00128223 0.00043187
2.97303 0.0449004 0.001016 0.00034174
2.97702 0.052567 0.00114376 0.000384196
2.98102 0.0567216 0.00161292 0.000541064
2.98501 0.0462675 0.00105017 0.000351814
2.98901 0.0397301 0.000788772 0.000263891
2.99301 0.0445817 0.000819422 0.000273779
2.997 0.0431219 0.000970954 0.000323975
3.001 0.0465381 0.00125507 0.000418218
3.005 0.0504866 0.00098763 0.000328663
3.00899 0.0608836 0.00114517 0.000380584
3.01299 0.0486811 0.00128919 0.000427877
3.01698 0.0506657 0.00112792 0.000373857
3.02098 0.0405705 0.00109814 0.000363505
3.02498 0.040171 0.00113417 0.000374934
3.02897 0.0360145 0.000923327 0.000304832
3.03297 0.0433141 0.0010558 0.000348107
3.03696 0.0461936 0.000956557 0.000314972
3.04096 0.0339279 0.00056644 0.00018627
3.04496 0.0550539 0.00101485 0.000333289
3.04895 0.0528156 0.00129482 0.000424679
3.05295 0.0422495 0.00108979 0.000356964
3.05694 0.0425251 0.00111433 0.000364525
3.06094 0.0347551 0.000542086 0.000177098
3.06494 0.0511842 0.00115045 0.000375359
3.06893 0.0569332 0.0014583 0.000475182
3.07293 0.037423 0.000762706 0.000248202
3.07692 0.0399205 0.000819763 0.000266423
3.08092 0.0377893 0.000821122 0.000266518
3.08492 0.043951 0.00104367 0.000338312
3.08891 0.0416815 0.000799374 0.000258788
3.09291 0.0364648 0.000617225 0.000199562
3.0969 0.0485152 0.00115595 0.000373261
3.1009 0.0431732 0.000963621 0.000310755
3.1049 0.0400188 0.000918107 0.000295697
3.10889 0.0412844 0.00077882 0.000250514
3.11289 0.0470641 0.000748659 0.000240503
3.11688 0.0377975 0.000637263 0.000204455
3.12088 0.0353106 0.000708861 0.000227135
3.12488 0.0461041 0.000918702 0.000293996
3.12887 0.0457534 0.000931497 0.00029771
3.13287 0.0399593 0.000958286 0.000305882
3.13686 0.0451716 0.000933728 0.000297663
3.14086 0.032924 0.000667286 0.000212453
3.14486 0.0418224 0.000829809 0.000263863
3.14885 0.0364347 0.000592989 0.000188319
3.15285 0.0363934 0.000806368 0.000255759
3.15684 0.0431463 0.000928247 0.000294043
3.16084 0.0352993 0.000598913 0.000189479
3.16484 0.0350276 0.000725534 0.000229249
3.16883 0.0400595 0.000715344 0.000225744
3.17283 0.0408436 0.000991439 0.000312478
3.17682 0.0357997 0.000537177 0.000169092
3.18082 0.0375451 0.000622685 0.000195762
3.18482 0.0395341 0.000829148 0.000260344
3.18881 0.0364992 0.000687043 0.000215454
3.19281 0.0347295 0.000588011 0.000184168
3.1968 0.0366683 0.000700112 0.000219004
3.2008 0.0334876 0.000585762 0.000183005
3.2048 0.042334 0.000804915 0.00025116
3.20879 0.0370948 0.000784045 0.000244343
3.21279 0.0366827 0.000731662 0.000227734
3.21678 0.0309744 0.000564137 0.000175373
3.22078 0.0355674 0.00058412 0.00018136
3.22478 0.0367479 0.000627066 0.000194453
3.22877 0.0355937 0.000644557 0.000199629
3.23277 0.0311592 0.000567806 0.000175641
3.23676 0.0380217 0.000658043 0.000203303
3.24076 0.0358686 0.000674295 0.000208067
3.24476 0.0345604 0.000674127 0.000207759
3.24875 0.0385058 0.000954981 0.000293953
3.25275 0.0386711 0.000640719 0.000196978
3.25674 0.0317955 0.00049526 0.000152072
3.26074 0.0405261 0.000647968 0.000198718
3.26474 0.032267 0.000586818 0.000179744
3.26873 0.0306983 0.000486187 0.000148739
3.27273 0.0346687 0.000642578 0.000196343
3.27672 0.0315719 0.000628057 0.000191672
3.28072 0.0276227 0.000448799 0.000136799
3.28472 0.0306438 0.000418375 0.00012737
3.28871 0.028502 0.000444904 0.000135282
3.29271 0.0288727 0.000512317 0.000155591
3.2967 0.0293136 0.00049442 0.000149974
3.3007 0.033894 0.000497015 0.000150579
3.3047 0.0339379 0.00068584 0.000207535
3.30869 0.0285233 0.000409412 0.000123738
3.31269 0.0375983 0.000648777 0.000195846
3.31668 0.0367015 0.000630104 0.00018998
3.32068 0.0292072 0.000468195 0.000140994
3.32468 0.032076 0.000420639 0.00012652
3.32867 0.0319746 0.000626503 0.000188214
3.33267 0.0341107 0.000681091 0.000204368
3.33666 0.0276678 0.000394582 0.000118257
3.34066 0.0275019 0.000383538 0.000114809
3.34466 0.0303664 0.000420721 0.000125789
3.34865 0.0327042 0.00049241 0.000147047
3.35265 0.0287982 0.000469537 0.00014005
3.35664 0.031699 0.00043824 0.000130559
3.36064 0.0302987 0.000541909 0.000161252
3.36464 0.0347576 0.000549413 0.000163291
3.36863 0.0330718 0.000489142 0.000145205
3.37263 0.0313834 0.000599896 0.000177872
3.37662 0.0299267 0.000396377 0.000117389
3.38062 0.0293969 0.000492365 0.000145643
3.38462 0.0341207 0.000507653 0.000149989
3.38861 0.0339974 0.000636124 0.000187724
3.39261 0.033673 0.000571211 0.000168369
3.3966 0.0307534 0.000505542 0.000148838
3.4006 0.0289729 0.000432111 0.000127069
3.4046 0.0328125 0.000545012 0.000160081
3.40859 0.0301791 0.000506615 0.000148629
3.41259 0.0274574 0.000427977 0.000125411
3.41658 0.0342159 0.000552076 0.000161587
3.42058 0.0332033 0.00054834 0.000160306
3.42458 0.0342748 0.000618085 0.000180485
3.42857 0.0269226 0.000423994 0.000123665
3.43257 0.0310559 0.000436035 0.000127029
3.43656 0.0292898 0.000537339 0.000156359
3.44056 0.02813 0.000399761 0.000116191
3.44456 0.0355492 0.000601322 0.000174572
3.44855 0.0262149 0.000382105 0.000110802
3.45255 0.0303977 0.00050518 0.000146321
3.45654 0.0298904 0.000421605 0.000121973
3.46054 0.0331125 0.00051579 0.000149049
3.46454 0.0311861 0.000442926 0.000127846
3.46853 0.0267159 0.000385667 0.00011119
3.47253 0.0323378 0.000499512 0.000143847
3.47652 0.0287525 0.000404315 0.000116299
3.48052 0.0299624 0.000453789 0.00013038
3.48452 0.030109 0.000447471 0.000128417
3.48851 0.0295466 0.000542444 0.000155494
3.49251 0.0304396 0.000486329 0.000139249
3.4965 0.0289216 0.000547702 0.000156643
3.5005 0.0242128 0.000345632 9.87378e-05
3.5045 0.0301453 0.000441866 0.000126085
3.50849 0.0277129 0.000393743 0.000112226
3.51249 0.0261774 0.000352165 0.000100261
3.51648 0.0308642 0.000421644 0.000119905
3.52048 0.0334218 0.00061228 0.000173919
3.52448 0.0264366 0.00042395 0.000120287
3.52847 0.0275795 0.000433968 0.00012299
3.53247 0.0264629 0.000476717 0.000134953
3.53646 0.0264786 0.000346401 9.79511e-05
3.54046 0.0285239 0.000557893 0.000157577
3.54446 0.0265569 0.00035579 0.000100379
3.54845 0.0274693 0.000455636 0.000128404
3.55245 0.028708 0.00049419 0.000139113
3.55644 0.025796 0.000538724 0.000151478
3.56044 0.0312669 0.00055038 0.000154582
3.56444 0.0255542 0.000393955 0.000110524
3.56843 0.0292817 0.000447306 0.000125351
3.57243 0.0234049 0.0002706 7.57468e-05
3.57642 0.0233148 0.000261416 7.30943e-05
3.58042 0.0248297 0.000312929 8.74001e-05
3.58442 0.0234006 0.000343275 9.57686e-05
3.58841 0.0306538 0.000599603 0.000167094
3.59241 0.0273459 0.0003852 0.000107226
3.5964 0.0272983 0.000408525 0.000113593
3.6004 0.026664 0.000404955 0.000112475
3.6044 0.0265519 0.000415592 0.000115302
3.60839 0.0257985 0.000352806 9.77737e-05
3.61239 0.0334613 0.000575029 0.000159183
3.61638 0.0233085 0.000328517 9.08414e-05
3.62038 0.0280517 0.000384748 0.000106273
3.62438 0.0297852 0.000493048 0.000136037
3.62837 0.0281983 0.000431559 0.00011894
3.63237 0.0272414 0.00045272 0.000124635
3.63636 0.0300031 0.000448126 0.000123235
3.64036 0.0243907 0.000279874 7.6881e-05
3.64436 0.0295309 0.000518808 0.000142359
3.64835 0.0242015 0.000359136 9.84378e-05
3.65235 0.0259312 0.0004073 0.000111517
3.65634 0.0281469 0.000464228 0.000126965
3.66034 0.0256313 0.000385515 0.000105322
3.66434 0.0286166 0.000444493 0.000121303
3.66833 0.0262068 0.000367468 0.000100173
3.67233 0.0253451 0.000370352 0.000100849
3.67632 0.0228294 0.000301831 8.21012e-05
3.68032 0.0261028 0.000379018 0.000102985
3.68432 0.0217115 0.00027805 7.54685e-05
3.68831 0.0226553 0.000320737 8.69603e-05
3.69231 0.0296938 0.000485392 0.00013146
3.6963 0.0254553 0.000363093 9.82313e-05
3.7003 0.0257565 0.000274041 7.40592e-05
3.7043 0.0223297 0.000281046 7.58704e-05
3.70829 0.0242566 0.000296203 7.98759e-05
3.71229 0.0279014 0.000374355 0.000100842
3.71628 0.0222219 0.000255427 6.87319e-05
3.72028 0.0225069 0.000282398 7.59079e-05
3.72428 0.0224011 0.000274 7.35714e-05
3.72827 0.0261692 0.000449222 0.000120491
3.73227 0.0239398 0.000403816 0.000108196
3.73626 0.0265143 0.000363636 9.73262e-05
3.74026 0.0266527 0.000357018 9.54527e-05
3.74426 0.0197952 0.000265248 7.08414e-05
3.74825 0.023926 0.000349103 9.31376e-05
3.75225 0.025615 0.00035925 9.57426e-05
3.75624 0.0238947 0.000328761 8.75238e-05
3.76024 0.0258367 0.000366108 9.7363e-05
3.76424 0.0254027 0.000335974 8.92543e-05
3.76823 0.0253376 0.000370021 9.81949e-05
3.77223 0.0266715 0.00036545 9.68792e-05
3.77622 0.0240894 0.000331532 8.77945e-05
3.78022 0.0226973 0.000298922 7.90754e-05
3.78422 0.0229127 0.000296836 7.84405e-05
3.78821 0.023517 0.000287661 7.59357e-05
3.79221 0.022247 0.000313421 8.26486e-05
3.7962 0.0242103 0.000347945 9.16561e-05
3.8002 0.0250088 0.000315841 8.31117e-05
3.8042 0.0236442 0.000291493 7.6624e-05
3.80819 0.022086 0.000293958 7.7191e-05
3.81219 0.0239272 0.000291465 7.64562e-05
3.81618 0.0246624 0.000349017 9.1457e-05
3.82018 0.0245923 0.000348358 9.1189e-05
3.82418 0.0257434 0.000370261 9.68211e-05
3.82817 0.0243882 0.000362638 9.47287e-05
3.83217 0.0228488 0.000318147 8.30201e-05
3.83616 0.0248491 0.000317374 8.27321e-05
3.84016 0.0239761 0.000289068 7.5275e-05
3.84416 0.0233987 0.000318091 8.27467e-05
3.84815 0.0224593 0.000298453 7.75574e-05
3.85215 0.0248541 0.000296212 7.68954e-05
3.85614 0.0249631 0.000270619 7.01786e-05
3.86014 0.0233135 0.000276044 7.15114e-05
3.86414 0.0230029 0.000296559 7.67464e-05
3.86813 0.0226691 0.000282629 7.30659e-05
3.87213 0.0225564 0.000275696 7.12001e-05
3.87612 0.0239598 0.000326205 8.41576e-05
3.88012 0.0218994 0.000250457 6.45487e-05
3.88412 0.0283742 0.000427719 0.00011012
3.88811 0.0235008 0.000274434 7.0583e-05
3.89211 0.0240249 0.000317183 8.1494e-05
3.8961 0.024918 0.000298584 7.66366e-05
3.9001 0.0242297 0.000328885 8.43273e-05
3.9041 0.0235095 0.000273638 7.00901e-05
3.90809 0.0226591 0.000312791 8.00366e-05
3.91209 0.0241646 0.000330356 8.44449e-05
3.91608 0.0252912 0.000286687 7.32075e-05
3.92008 0.0274868 0.000378655 9.65937e-05
3.92408 0.0257847 0.000352669 8.9873e-05
3.92807 0.0233097 0.000276115 7.02927e-05
3.93207 0.0253463 0.000357225 9.08491e-05
3.93606 0.0250545 0.000297884 7.56806e-05
3.94006 0.0245992 0.000322186 8.17718e-05
3.94406 0.0256901 0.000370134 9.38459e-05
3.94805 0.0221844 0.000259345 6.56895e-05
3.95205 0.0204484 0.000229792 5.81451e-05
3.95604 0.024928 0.000335739 8.48674e-05
3.96004 0.0206663 0.000245917 6.20996e-05
3.96404 0.0189297 0.00022356 5.6397e-05
3.96803 0.0224731 0.000319197 8.04422e-05
3.97203 0.0212876 0.000244683 6.16016e-05
3.97602 0.0220867 0.000315324 7.93064e-05
3.98002 0.0229196 0.000321451 8.07661e-05
3.98402 0.0239642 0.000323486 8.1196e-05
3.98801 0.0215638 0.000322922 8.09731e-05
3.99201 0.0208592 0.000273243 6.84474e-05
3.996 0.0208667 0.000253844 6.35243e-05
4 0.0214109 0.00024457 6.11424e-05
