0 1 0 nan
0.003996 1 0 0
0.00799201 1 0 0
0.011988 1 0 0
0.015984 1 0 0
0.01998 1 0 0
0.023976 1 0 0
0.027972 1 0 0
0.031968 1 0 0
0.035964 1 0 0
0.03996 1 0 0
0.043956 1 0 0
0.047952 1 0 0
0.0519481 1 0 0
0.0559441 1 0 0
0.0599401 1 0 0
0.0639361 1 0 0
0.0679321 1 0 0
0.0719281 1 0 0
0.0759241 1 0 0
0.0799201 1 0 0
0.0839161 1 0 0
0.0879121 1 0 0
0.0919081 1 0 0
0.0959041 1 0 0
0.0999001 1 0 0
0.103896 1 0 0
0.107892 1 0 0
0.111888 1 0 0
0.115884 1 0 0
0.11988 1 0 0
0.123876 1 0 0
0.127872 1 0 0
0.131868 1 0 0
0.135864 1 0 0
0.13986 1 0 0
0.143856 1 0 0
0.147852 1 0 0
0.151848 1 0 0
0.155844 1 0 0
0.15984 1 0 0
0.163836 1 0 0
0.167832 1 0 0
0.171828 1 0 0
0.175824 1 0 0
0.17982 1 0 0
0.183816 1 0 0
0.187812 1 0 0
0.191808 1 0 0
0.195804 1 0 0
0.1998 1 0 0
0.203796 1 0 0
0.207792 1 0 0
0.211788 1 0 0
0.215784 1 0 0
0.21978 1 0 0
0.223776 1 0 0
0.227772 1 0 0
0.231768 1 0 0
0.235764 1 0 0
0.23976 1 0 0
0.243756 1 0 0
0.247752 1 0 0
0.251748 1 0 0
0.255744 1 0 0
0.25974 1 0 0
0.263736 1 0 0
0.267732 1 0 0
0.271728 1 0 0
0.275724 1 0 0
0.27972 1 0 0
0.283716 1 0 0
0.287712 1 0 0
0.291708 1 0 0
0.295704 1 0 0
0.2997 1 0 0
0.303696 1 0 0
0.307692 1 0 0
0.311688 1 0 0
0.315684 1 0 0
0.31968 1 0 0
0.323676 1 0 0
0.327672 1 0 0
0.331668 1 0 0
0.335664 1 0 0
0.33966 1 0 0
0.343656 1 0 0
0.347652 1 0 0
0.351648 1 0 0
0.355644 1 0 0
0.35964 1 0 0
0.363636 1 0 0
0.367632 1 0 0
0.371628 1 0 0
0.375624 1 0 0
0.37962 1 0 0
0.383616 1 0 0
0.387612 1 0 0
0.391608 1 0 0
0.395604 1 0 0
0.3996 1 0 0
0.403596 1 0 0
0.407592 1 0 0
0.411588 1 0 0
0.415584 1 0 0
0.41958 1 0 0
0.423576 1 0 0
0.427572 1 0 0
0.431568 1 0 0
0.435564 1 0 0
0.43956 1 0 0
0.443556 1 0 0
0.447552 1 0 0
0.451548 1 0 0
0.455544 1 0 0
0.45954 1 0 0
0.463536 1 0 0
0.467532 1 0 0
0.471528 1 0 0
0.475524 1 0 0
0.47952 1 0 0
0.483516 1 0 0
0.487512 1 0 0
0.491508 1 0 0
0.495504 1 1.21932e-10 2.46077e-10
0.4995 1 1.22176e-10 2.44597e-10
0.503497 1 2.44915e-13 4.86429e-13
0.507493 1 1.21932e-10 2.40265e-10
0.511489 1 2.44249e-13 4.77526e-13
0.515485 1 4.44089e-16 8.61499e-16
0.519481 1 0 0
0.523477 1 1.21932e-10 2.32928e-10
0.527473 1 1.22176e-10 2.31626e-10
0.531469 1 1.22177e-10 2.29885e-10
0.535465 0.999999 3.64573e-10 6.80853e-10
0.539461 1 7.30749e-13 1.35459e-12
0.543457 1 1.55431e-15 2.86005e-15
0.547453 1 0 0
0.551449 0.999997 8.43242e-10 1.52914e-09
0.555445 0.999998 6.06454e-10 1.09184e-09
0.559441 1 1.21525e-12 2.17226e-12
0.563437 1 2.44249e-15 4.33499e-15
0.567433 0.999998 4.8479e-10 8.54357e-10
0.571429 1 9.71445e-13 1.70003e-12
0.575425 0.999999 2.43377e-10 4.22951e-10
0.579421 0.999999 2.43863e-10 4.20874e-10
0.583417 0.999996 9.62235e-10 1.64931e-09
0.587413 0.999998 4.86719e-10 8.28581e-10
0.591409 0.999992 2.00723e-09 3.39398e-09
0.595405 0.999999 2.47397e-10 4.15511e-10
0.599401 0.999999 3.64823e-10 6.08647e-10
0.603397 0.999999 3.65059e-10 6.05006e-10
0.607393 0.999995 1.19802e-09 1.97239e-09
0.611389 0.999999 2.45776e-10 4.01996e-10
0.615385 0.999993 1.66298e-09 2.70235e-09
0.619381 0.999997 8.46574e-10 1.36681e-09
0.623377 0.999994 1.43256e-09 2.29807e-09
0.627373 0.999995 1.20016e-09 1.91299e-09
0.631369 0.999995 1.31673e-09 2.08551e-09
0.635365 0.999994 1.43351e-09 2.25619e-09
0.639361 0.99998 4.98691e-09 7.79984e-09
0.643357 0.999992 2.1465e-09 3.33641e-09
0.647353 0.999992 2.49926e-09 3.86074e-09
0.651349 0.99999 2.46275e-09 3.781e-09
0.655345 0.999984 4.15259e-09 6.3365e-09
0.659341 0.999983 3.98458e-09 6.04329e-09
0.663337 0.999988 3.15374e-09 4.75435e-09
0.667333 0.999995 1.32064e-09 1.97898e-09
0.671329 0.99999 2.46039e-09 3.66495e-09
0.675325 0.999986 3.34215e-09 4.94896e-09
0.679321 0.999972 7.30255e-09 1.07498e-08
0.683317 0.999982 5.17741e-09 7.57688e-09
0.687313 0.999986 3.48373e-09 5.06862e-09
0.691309 0.99998 4.84901e-09 7.01425e-09
0.695305 0.999974 6.5304e-09 9.39214e-09
0.699301 0.999987 3.26853e-09 4.674e-09
0.703297 0.999979 5.29616e-09 7.53047e-09
0.707293 0.99998 4.60829e-09 6.51539e-09
0.711289 0.999975 6.23904e-09 8.77146e-09
0.715285 0.99997 7.19475e-09 1.00586e-08
0.719281 0.999974 6.04639e-09 8.40616e-09
0.723277 0.999978 5.50298e-09 7.60841e-09
0.727273 0.999966 8.40868e-09 1.15619e-08
0.731269 0.999964 9.58583e-09 1.31085e-08
0.735265 0.999966 8.9942e-09 1.22326e-08
0.739261 0.99996 1.06687e-08 1.44316e-08
0.743257 0.999964 9.01498e-09 1.2129e-08
0.747253 0.999948 1.2417e-08 1.66168e-08
0.751249 0.999954 1.04915e-08 1.39654e-08
0.755245 0.999953 1.1373e-08 1.50586e-08
0.759241 0.999941 1.50679e-08 1.98461e-08
0.763237 0.999949 1.34378e-08 1.76064e-08
0.767233 0.999946 1.1657e-08 1.51936e-08
0.771229 0.999936 1.39089e-08 1.80348e-08
0.775225 0.999936 1.75788e-08 2.26757e-08
0.779221 0.999914 1.87682e-08 2.40859e-08
0.783217 0.999926 1.96971e-08 2.5149e-08
0.787213 0.999918 1.76868e-08 2.24677e-08
0.791209 0.999913 2.17374e-08 2.74737e-08
0.795205 0.999893 2.67394e-08 3.36258e-08
0.799201 0.99991 2.24543e-08 2.8096e-08
0.803197 0.999899 2.45539e-08 3.05702e-08
0.807193 0.999904 2.31159e-08 2.86374e-08
0.811189 0.999905 2.35474e-08 2.90283e-08
0.815185 0.999876 3.28817e-08 4.03365e-08
0.819181 0.999886 3.37946e-08 4.12541e-08
0.823177 0.999872 3.04372e-08 3.69752e-08
0.827173 0.99989 2.83258e-08 3.42441e-08
0.831169 0.999865 3.61776e-08 4.35261e-08
0.835165 0.999858 3.28257e-08 3.93045e-08
0.839161 0.999824 4.74729e-08 5.65719e-08
0.843157 0.999881 2.77767e-08 3.29437e-08
0.847153 0.999818 4.88143e-08 5.76216e-08
0.851149 0.99981 5.2939e-08 6.21971e-08
0.855145 0.999812 5.42479e-08 6.34371e-08
0.859141 0.999823 5.05872e-08 5.88811e-08
0.863137 0.999809 5.10323e-08 5.91242e-08
0.867133 0.999812 4.66054e-08 5.37466e-08
0.871129 0.99978 5.81199e-08 6.67179e-08
0.875125 0.999776 5.76097e-08 6.58303e-08
0.879121 0.999775 5.70646e-08 6.4911e-08
0.883117 0.999758 6.59479e-08 7.46763e-08
0.887113 0.999755 7.05022e-08 7.94738e-08
0.891109 0.999721 6.15393e-08 6.90592e-08
0.895105 0.999755 6.27979e-08 7.01571e-08
0.899101 0.999729 6.90567e-08 7.68064e-08
0.903097 0.999691 7.42002e-08 8.21619e-08
0.907093 0.999735 6.93322e-08 7.64334e-08
0.911089 0.99969 9.14255e-08 1.00347e-07
0.915085 0.999712 8.19434e-08 8.95473e-08
0.919081 0.999657 8.20933e-08 8.93211e-08
0.923077 0.999635 8.23267e-08 8.91873e-08
0.927073 0.999636 9.08673e-08 9.80153e-08
0.931069 0.999639 9.76779e-08 1.04909e-07
0.935065 0.999622 1.04086e-07 1.11315e-07
0.939061 0.999599 1.0295e-07 1.09631e-07
0.943057 0.999621 8.94122e-08 9.4811e-08
0.947053 0.999549 1.14028e-07 1.20403e-07
0.951049 0.999535 1.21337e-07 1.27583e-07
0.955045 0.999526 1.32536e-07 1.38774e-07
0.959041 0.999471 1.34857e-07 1.40617e-07
0.963037 0.999469 1.49782e-07 1.5553e-07
0.967033 0.999468 1.4078e-07 1.4558e-07
0.971029 0.999465 1.48832e-07 1.53273e-07
0.975025 0.99949 1.38703e-07 1.42255e-07
0.979021 0.999396 1.52186e-07 1.55447e-07
0.983017 0.999442 1.30073e-07 1.3232e-07
0.987013 0.999396 1.69504e-07 1.71735e-07
0.991009 0.999344 1.8638e-07 1.88071e-07
0.995005 0.999285 1.73788e-07 1.7466e-07
0.999001 0.999264 1.81879e-07 1.82061e-07
1.003 0.999282 1.93375e-07 1.92797e-07
1.00699 0.999217 2.25582e-07 2.24015e-07
1.01099 0.999227 2.17259e-07 2.14898e-07
1.01499 0.999229 2.15014e-07 2.1184e-07
1.01898 0.999156 2.30282e-07 2.25993e-07
1.02298 0.999156 2.19337e-07 2.14411e-07
1.02697 0.999096 2.84634e-07 2.77158e-07
1.03097 0.999122 2.29437e-07 2.22545e-07
1.03497 0.999088 2.40379e-07 2.32258e-07
1.03896 0.999038 2.88402e-07 2.77587e-07
1.04296 0.999008 2.46871e-07 2.36703e-07
1.04695 0.998941 2.90353e-07 2.77331e-07
1.05095 0.99893 3.10518e-07 2.95464e-07
1.05495 0.998928 3.13406e-07 2.97082e-07
1.05894 0.9988 3.35816e-07 3.17124e-07
1.06294 0.998789 3.45526e-07 3.25068e-07
1.06693 0.998843 2.73786e-07 2.5661e-07
1.07093 0.998789 3.37338e-07 3.14996e-07
1.07493 0.998735 3.42808e-07 3.18913e-07
1.07892 0.998735 3.48928e-07 3.23404e-07
1.08292 0.998663 4.00865e-07 3.70172e-07
1.08691 0.998639 3.54712e-07 3.26348e-07
1.09091 0.998603 4.11763e-07 3.7745e-07
1.09491 0.998554 3.88812e-07 3.5511e-07
1.0989 0.998469 4.71229e-07 4.28818e-07
1.1029 0.998458 4.53509e-07 4.11198e-07
1.10689 0.998492 3.87889e-07 3.5043e-07
1.11089 0.998418 4.62413e-07 4.16255e-07
1.11489 0.998328 4.31717e-07 3.8723e-07
1.11888 0.998238 4.59118e-07 4.10337e-07
1.12288 0.99821 4.6265e-07 4.12022e-07
1.12687 0.99815 5.06582e-07 4.49547e-07
1.13087 0.998165 5.29109e-07 4.67878e-07
1.13487 0.998103 5.5945e-07 4.92966e-07
1.13886 0.99798 4.81571e-07 4.22853e-07
1.14286 0.997866 5.72082e-07 5.00572e-07
1.14685 0.997812 5.99591e-07 5.22814e-07
1.15085 0.997855 6.62574e-07 5.75726e-07
1.15485 0.997895 6.54784e-07 5.66988e-07
1.15884 0.997628 7.57223e-07 6.53431e-07
1.16284 0.99764 7.13688e-07 6.13747e-07
1.16683 0.997689 6.94304e-07 5.95033e-07
1.17083 0.997564 6.86715e-07 5.8652e-07
1.17483 0.997596 6.99814e-07 5.95675e-07
1.17882 0.997528 6.91085e-07 5.86251e-07
1.18282 0.997273 7.18445e-07 6.07402e-07
1.18681 0.997359 7.6154e-07 6.41668e-07
1.19081 0.997186 8.684e-07 7.29252e-07
1.19481 0.997108 8.71695e-07 7.29571e-07
1.1988 0.997004 8.65539e-07 7.22004e-07
1.2028 0.99719 7.9337e-07 6.59604e-07
1.20679 0.99703 8.66799e-07 7.18267e-07
1.21079 0.997021 7.93299e-07 6.55192e-07
1.21479 0.99677 1.10055e-06 9.0596e-07
1.21878 0.996752 1.04435e-06 8.56882e-07
1.22278 0.996649 1.08972e-06 8.91186e-07
1.22677 0.996573 8.54923e-07 6.96888e-07
1.23077 0.996539 1.1146e-06 9.05615e-07
1.23477 0.996424 9.6799e-07 7.83947e-07
1.23876 0.996234 1.18897e-06 9.59808e-07
1.24276 0.99628 1.07729e-06 8.66854e-07
1.24675 0.996042 1.4416e-06 1.15628e-06
1.25075 0.996045 1.08683e-06 8.68941e-07
1.25475 0.995927 1.10528e-06 8.80882e-07
1.25874 0.995739 1.18308e-06 9.39888e-07
1.26274 0.995766 1.20643e-06 9.55407e-07
1.26673 0.995847 1.44058e-06 1.13724e-06
1.27073 0.995597 1.33769e-06 1.0527e-06
1.27473 0.995453 1.41692e-06 1.11155e-06
1.27872 0.995517 1.41094e-06 1.1034e-06
1.28272 0.995332 1.49517e-06 1.16562e-06
1.28671 0.995333 1.40522e-06 1.0921e-06
1.29071 0.995222 1.39807e-06 1.08318e-06
1.29471 0.994907 1.47612e-06 1.14012e-06
1.2987 0.994871 1.80066e-06 1.38651e-06
1.3027 0.994689 1.70733e-06 1.31061e-06
1.30669 0.994808 1.61293e-06 1.23436e-06
1.31069 0.994512 1.60777e-06 1.22666e-06
1.31469 0.99447 1.60147e-06 1.21814e-06
1.31868 0.994461 1.54589e-06 1.1723e-06
1.32268 0.99423 1.77933e-06 1.34525e-06
1.32667 0.994096 1.71821e-06 1.29513e-06
1.33067 0.993941 1.70904e-06 1.28435e-06
1.33467 0.993902 1.99561e-06 1.49521e-06
1.33866 0.993606 1.88081e-06 1.40499e-06
1.34266 0.993867 1.86475e-06 1.38885e-06
1.34665 0.99354 1.9368e-06 1.43823e-06
1.35065 0.993273 2.10846e-06 1.56107e-06
1.35465 0.993231 2.29223e-06 1.69212e-06
1.35864 0.993147 1.98193e-06 1.45876e-06
1.36264 0.992709 2.81237e-06 2.06392e-06
1.36663 0.99268 2.31941e-06 1.69717e-06
1.37063 0.992539 2.41748e-06 1.76377e-06
1.37463 0.992632 2.20238e-06 1.60217e-06
1.37862 0.992378 2.57973e-06 1.87124e-06
1.38262 0.992194 2.48367e-06 1.79635e-06
1.38661 0.992101 2.6545e-06 1.91438e-06
1.39061 0.991849 2.59363e-06 1.86511e-06
1.39461 0.99177 2.647e-06 1.89803e-06
1.3986 0.991771 2.92506e-06 2.09142e-06
1.4026 0.991455 3.2632e-06 2.32654e-06
1.40659 0.991206 2.6194e-06 1.86223e-06
1.41059 0.991114 3.06284e-06 2.17132e-06
1.41459 0.991111 2.83954e-06 2.00733e-06
1.41858 0.990719 3.17386e-06 2.23735e-06
1.42258 0.990534 2.69565e-06 1.89491e-06
1.42657 0.990234 3.53161e-06 2.47559e-06
1.43057 0.990058 3.18968e-06 2.22965e-06
1.43457 0.990237 3.27901e-06 2.28572e-06
1.43856 0.98996 3.86123e-06 2.68409e-06
1.44256 0.989719 3.44397e-06 2.38741e-06
1.44655 0.989612 3.73591e-06 2.58263e-06
1.45055 0.989239 4.10619e-06 2.83079e-06
1.45455 0.98911 3.43937e-06 2.36457e-06
1.45854 0.988678 3.88841e-06 2.66596e-06
1.46254 0.989136 3.22936e-06 2.20805e-06
1.46653 0.988383 3.83414e-06 2.61442e-06
1.47053 0.988073 4.4588e-06 3.0321e-06
1.47453 0.988044 4.21007e-06 2.8552e-06
1.47852 0.988155 4.4593e-06 3.01605e-06
1.48252 0.987909 4.44867e-06 3.00075e-06
1.48651 0.987622 4.30335e-06 2.89493e-06
1.49051 0.987102 4.90647e-06 3.29181e-06
1.49451 0.986785 4.99423e-06 3.34173e-06
1.4985 0.986845 4.69303e-06 3.13182e-06
1.5025 0.986538 4.25048e-06 2.82894e-06
1.50649 0.986493 4.89835e-06 3.25149e-06
1.51049 0.98626 5.17007e-06 3.42278e-06
1.51449 0.986324 4.14539e-06 2.73716e-06
1.51848 0.985807 5.00371e-06 3.2952e-06
1.52248 0.985713 5.08446e-06 3.3396e-06
1.52647 0.985066 5.74207e-06 3.76166e-06
1.53047 0.985078 5.80155e-06 3.7907e-06
1.53447 0.984615 7.13269e-06 4.64832e-06
1.53846 0.984344 6.04551e-06 3.92958e-06
1.54246 0.98423 6.02118e-06 3.90363e-06
1.54645 0.984134 5.89723e-06 3.81339e-06
1.55045 0.984155 6.08733e-06 3.92617e-06
1.55445 0.9835 6.43828e-06 4.14185e-06
1.55844 0.983125 6.52893e-06 4.1894e-06
1.56244 0.982949 7.01119e-06 4.48734e-06
1.56643 0.982532 6.80155e-06 4.34206e-06
1.57043 0.982069 6.71863e-06 4.27821e-06
1.57443 0.982268 8.32806e-06 5.28958e-06
1.57842 0.981459 6.4483e-06 4.08528e-06
1.58242 0.981424 7.57336e-06 4.78594e-06
1.58641 0.981128 6.51064e-06 4.104e-06
1.59041 0.981047 8.0035e-06 5.03235e-06
1.59441 0.980625 8.49515e-06 5.3281e-06
1.5984 0.980239 6.90372e-06 4.31914e-06
1.6024 0.979746 7.70019e-06 4.80542e-06
1.60639 0.979449 8.88285e-06 5.52969e-06
1.61039 0.979678 7.5944e-06 4.71588e-06
1.61439 0.978992 9.17209e-06 5.68148e-06
1.61838 0.978632 9.04555e-06 5.58926e-06
1.62238 0.978237 1.00257e-05 6.17961e-06
1.62637 0.978413 9.5438e-06 5.86815e-06
1.63037 0.97754 9.22997e-06 5.66127e-06
1.63437 0.977046 1.04311e-05 6.38234e-06
1.63836 0.977111 9.37606e-06 5.72283e-06
1.64236 0.975989 1.05085e-05 6.39842e-06
1.64635 0.975779 1.00081e-05 6.07896e-06
1.65035 0.975908 1.09236e-05 6.61898e-06
1.65435 0.975487 1.0598e-05 6.40616e-06
1.65834 0.975082 1.07801e-05 6.50053e-06
1.66234 0.975033 1.10609e-05 6.65384e-06
1.66633 0.97389 1.22343e-05 7.34206e-06
1.67033 0.974123 1.03574e-05 6.20079e-06
1.67433 0.973608 1.25914e-05 7.52026e-06
1.67832 0.973493 1.14378e-05 6.81501e-06
1.68232 0.972339 1.76469e-05 1.04896e-05
1.68631 0.971979 1.1447e-05 6.78819e-06
1.69031 0.971792 1.09551e-05 6.48109e-06
1.69431 0.971049 1.16752e-05 6.89082e-06
1.6983 0.971289 1.33552e-05 7.86385e-06
1.7023 0.970486 1.28317e-05 7.53785e-06
1.70629 0.969782 1.31013e-05 7.67824e-06
1.71029 0.969244 1.34316e-05 7.85342e-06
1.71429 0.969038 1.65266e-05 9.64051e-06
1.71828 0.967807 1.56957e-05 9.13452e-06
1.72228 0.968488 1.54747e-05 8.98504e-06
1.72627 0.968374 1.45492e-05 8.42811e-06
1.73027 0.967943 1.31184e-05 7.58174e-06
1.73427 0.966839 1.73164e-05 9.98486e-06
1.73826 0.966092 1.63042e-05 9.37963e-06
1.74226 0.965653 2.21579e-05 1.27179e-05
1.74625 0.96502 1.53129e-05 8.76901e-06
1.75025 0.964504 2.06001e-05 1.17698e-05
1.75425 0.964179 1.46867e-05 8.37207e-06
1.75824 0.964314 1.82038e-05 1.03534e-05
1.76224 0.963424 1.71263e-05 9.71848e-06
1.76623 0.962532 2.33405e-05 1.32148e-05
1.77023 0.963047 1.89551e-05 1.07077e-05
1.77423 0.960662 2.1213e-05 1.19562e-05
1.77822 0.961437 1.91768e-05 1.07842e-05
1.78222 0.960949 2.33693e-05 1.31125e-05
1.78621 0.959049 2.23624e-05 1.25195e-05
1.79021 0.959268 2.10317e-05 1.17482e-05
1.79421 0.958856 2.65426e-05 1.47935e-05
1.7982 0.9585 2.11881e-05 1.1783e-05
1.8022 0.957675 2.58884e-05 1.43649e-05
1.80619 0.957063 2.41805e-05 1.33876e-05
1.81019 0.956749 2.48904e-05 1.37502e-05
1.81419 0.95635 2.62315e-05 1.44591e-05
1.81818 0.953672 4.69867e-05 2.58427e-05
1.82218 0.95399 2.85167e-05 1.56498e-05
1.82617 0.954375 3.10752e-05 1.70165e-05
1.83017 0.953154 2.99968e-05 1.63902e-05
1.83417 0.952468 2.56138e-05 1.39648e-05
1.83816 0.952289 2.98311e-05 1.62287e-05
1.84216 0.951703 3.46603e-05 1.8815e-05
1.84615 0.950013 3.03075e-05 1.64165e-05
1.85015 0.950125 3.22975e-05 1.74567e-05
1.85415 0.949737 2.79669e-05 1.50834e-05
1.85814 0.948087 4.03042e-05 2.16906e-05
1.86214 0.94725 3.26775e-05 1.75484e-05
1.86613 0.947282 3.7074e-05 1.98667e-05
1.87013 0.945833 3.963e-05 2.1191e-05
1.87413 0.944932 3.47401e-05 1.85367e-05
1.87812 0.944474 4.37189e-05 2.3278e-05
1.88212 0.943391 3.75699e-05 1.99615e-05
1.88611 0.941549 4.41999e-05 2.34344e-05
1.89011 0.941141 4.42851e-05 2.34299e-05
1.89411 0.941301 3.79678e-05 2.00452e-05
1.8981 0.940843 5.18705e-05 2.73275e-05
1.9021 0.937682 4.22123e-05 2.21925e-05
1.90609 0.940307 3.99322e-05 2.09497e-05
1.91009 0.938025 5.53628e-05 2.89844e-05
1.91409 0.937915 4.87339e-05 2.54607e-05
1.91808 0.937237 4.45941e-05 2.32493e-05
1.92208 0.93525 5.32142e-05 2.76858e-05
1.92607 0.935363 4.78851e-05 2.48615e-05
1.93007 0.932951 5.471e-05 2.83461e-05
1.93407 0.931562 5.6656e-05 2.92937e-05
1.93806 0.931429 4.75016e-05 2.45098e-05
1.94206 0.930968 5.10349e-05 2.62788e-05
1.94605 0.929153 5.63183e-05 2.89397e-05
1.95005 0.928294 5.29743e-05 2.71656e-05
1.95405 0.927042 7.18793e-05 3.67849e-05
1.95804 0.924412 6.39735e-05 3.26722e-05
1.96204 0.924262 6.6085e-05 3.36818e-05
1.96603 0.924009 4.3546e-05 2.21492e-05
1.97003 0.923282 6.11309e-05 3.10304e-05
1.97403 0.921389 7.37457e-05 3.7358e-05
1.97802 0.922066 5.83737e-05 2.95111e-05
1.98202 0.921357 7.64603e-05 3.8577e-05
1.98601 0.914527 6.64349e-05 3.34514e-05
1.99001 0.918582 6.63249e-05 3.33289e-05
1.99401 0.915831 6.44326e-05 3.23132e-05
1.998 0.912745 7.52457e-05 3.76605e-05
2.002 0.911612 9.10639e-05 4.54865e-05
2.00599 0.913147 7.73488e-05 3.85588e-05
2.00999 0.911682 7.6883e-05 3.82505e-05
2.01399 0.912611 8.61096e-05 4.27558e-05
2.01798 0.907476 0.000109356 5.41905e-05
2.02198 0.90733 0.00010144 5.01689e-05
2.02597 0.907294 7.84762e-05 3.87351e-05
2.02997 0.906608 0.000106139 5.22861e-05
2.03397 0.905044 9.65695e-05 4.74784e-05
2.03796 0.902259 0.00010694 5.24739e-05
2.04196 0.899982 0.00020447 0.000100134
2.04595 0.901241 9.89736e-05 4.83753e-05
2.04995 0.899999 0.000133945 6.53408e-05
2.05395 0.895788 0.000123163 5.99641e-05
2.05794 0.89328 0.000120424 5.85168e-05
2.06194 0.893722 0.000126413 6.13076e-05
2.06593 0.89225 0.000149942 7.25784e-05
2.06993 0.891721 0.000166623 8.04968e-05
2.07393 0.886076 0.000164614 7.93732e-05
2.07792 0.887186 0.00010711 5.15465e-05
2.08192 0.885916 0.00014912 7.16264e-05
2.08591 0.88707 0.000146887 7.04185e-05
2.08991 0.883816 0.000129639 6.20308e-05
2.09391 0.877984 0.000135674 6.47947e-05
2.0979 0.877915 0.000146893 7.00189e-05
2.1019 0.876359 0.000162057 7.71002e-05
2.10589 0.876328 0.000162326 7.70816e-05
2.10989 0.87624 0.000122492 5.80561e-05
2.11389 0.868278 0.000185311 8.76637e-05
2.11788 0.869083 0.000200635 9.47337e-05
2.12188 0.864457 0.000151935 7.16042e-05
2.12587 0.866899 0.000176521 8.30347e-05
2.12987 0.864744 0.000161151 7.56624e-05
2.13387 0.853716 0.000358212 0.00016787
2.13786 0.85758 0.000206649 9.66617e-05
2.14186 0.854812 0.000248555 0.000116046
2.14585 0.853291 0.000253547 0.000118157
2.14985 0.853211 0.000319247 0.000148497
2.15385 0.850142 0.000209403 9.7223e-05
2.15784 0.844634 0.000399318 0.000185054
2.16184 0.846586 0.000329345 0.000152345
2.16583 0.842136 0.000198754 9.17679e-05
2.16983 0.845032 0.000218602 0.000100746
2.17383 0.829395 0.000457751 0.000210574
2.17782 0.819884 0.000505832 0.000232265
2.18182 0.827746 0.000531923 0.000243798
2.18581 0.811372 0.000483234 0.000221077
2.18981 0.81709 0.000332622 0.000151895
2.19381 0.815659 0.000344718 0.000157132
2.1978 0.814188 0.000262175 0.00011929
2.2018 0.803721 0.000568925 0.000258391
2.20579 0.815187 0.000321669 0.000145829
2.20979 0.800349 0.000844583 0.000382201
2.21379 0.799903 0.000463106 0.000209192
2.21778 0.809689 0.000382677 0.00017255
2.22178 0.802864 0.00037115 0.000167051
2.22577 0.800016 0.000463592 0.000208283
2.22977 0.778434 0.000545163 0.000244493
2.23377 0.769117 0.00100084 0.000448051
2.23776 0.784433 0.000553029 0.000247135
2.24176 0.765545 0.000659023 0.000293976
2.24575 0.778566 0.00074597 0.000332169
2.24975 0.768353 0.000583406 0.00025932
2.25375 0.756949 0.000703656 0.000312216
2.25774 0.774886 0.000373009 0.000165213
2.26174 0.749136 0.00113529 0.000501956
2.26573 0.741093 0.00093079 0.000410811
2.26973 0.750415 0.00122864 0.000541315
2.27373 0.740926 0.00088174 0.000387795
2.27772 0.715963 0.00118505 0.000520278
2.28172 0.723589 0.000903554 0.000395997
2.28571 0.711482 0.00196827 0.000861119
2.28971 0.741392 0.000526511 0.000229947
2.29371 0.699345 0.00167698 0.000731123
2.2977 0.709784 0.00106758 0.000464628
2.3017 0.720656 0.000621751 0.000270127
2.30569 0.647234 0.00245333 0.00106403
2.30969 0.667388 0.00207847 0.00089989
2.31369 0.649982 0.00347836 0.00150339
2.31768 0.621658 0.000758431 0.000327237
2.32168 0.649749 0.00304359 0.00131094
2.32567 0.639442 0.000696472 0.000299471
2.32967 0.581748 0.00156338 0.000671073
2.33367 0.578705 0.00211981 0.00090836
2.33766 0.548581 0.00179767 0.000769003
2.34166 0.651499 0.00116 0.000495376
2.34565 0.577301 0.00415676 0.00177211
2.34965 0.5907 0.00262161 0.00111575
2.35365 0.649301 0.00168928 0.000717729
2.35764 0.555402 0.0017453 0.000740272
2.36164 0.606215 0.00208241 0.000881766
2.36563 0.579382 0.00248562 0.00105072
2.36963 0.556537 0.00152482 0.000643486
2.37363 0.519768 0.00251255 0.00105853
2.37762 0.455487 0.00737829 0.00310322
2.38162 0.526615 0.00271482 0.00113991
2.38561 0.514905 0.00172237 0.000721981
2.38961 0.525596 0.00167789 0.000702162
2.39361 0.443188 0.00466612 0.00194941
2.3976 0.513377 0.00930315 0.00388019
2.4016 0.500052 0.00821573 0.00342094
2.40559 0.388978 0.00563338 0.00234178
2.40959 0.427022 0.0034308 0.00142381
2.41359 0.405082 0.0043925 0.0018199
2.41758 0.374924 0.00418957 0.00173296
2.42158 0.451575 0.00463701 0.00191487
2.42557 0.427595 0.00513537 0.00211718
2.42957 0.341162 0.00467682 0.00192496
2.43357 0.334844 0.00184836 0.000759528
2.43756 0.30436 0.00280343 0.0011501
2.44156 0.385422 0.00430512 0.00176327
2.44555 0.315484 0.0049283 0.00201521
2.44955 0.290207 0.00374692 0.00152964
2.45355 0.400433 0.00372909 0.00151988
2.45754 0.32678 0.00272615 0.0011093
2.46154 0.366209 0.00315602 0.00128213
2.46553 0.263092 0.00372729 0.00151176
2.46953 0.278805 0.0030424 0.00123198
2.47353 0.291575 0.00433046 0.00175072
2.47752 0.266571 0.0049376 0.00199296
2.48152 0.2451 0.00283312 0.00114169
2.48551 0.248843 0.00836756 0.00336653
2.48951 0.21949 0.0046887 0.00188338
2.49351 0.246897 0.00398022 0.00159624
2.4975 0.199971 0.00277721 0.00111199
2.5015 0.239646 0.00330277 0.00132032
2.50549 0.331376 0.00265993 0.00106164
2.50949 0.186564 0.0067789 0.00270131
2.51349 0.285022 0.00145578 0.000579188
2.51748 0.209526 0.00178316 0.000708312
2.52148 0.169376 0.00250392 0.000993038
2.52547 0.205016 0.00276421 0.00109453
2.52947 0.20969 0.00684927 0.00270779
2.53347 0.131707 0.00325217 0.00128368
2.53746 0.206827 0.00289528 0.00114101
2.54146 0.201913 0.00286647 0.00112788
2.54545 0.241668 0.00273971 0.00107631
2.54945 0.173016 0.00239593 0.000939781
2.55345 0.208078 0.00456528 0.00178789
2.55744 0.138249 0.00374223 0.00146327
2.56144 0.130884 0.00368009 0.00143673
2.56543 0.180931 0.0041727 0.00162651
2.56943 0.113263 0.00226682 0.000882228
2.57343 0.183345 0.0040136 0.00155963
2.57742 0.150201 0.00365629 0.00141859
2.58142 0.137189 0.0056529 0.00218984
2.58541 0.117359 0.0043686 0.00168971
2.58941 0.157186 0.0057864 0.00223464
2.59341 0.120454 0.00393446 0.0015171
2.5974 0.088685 0.00243206 0.000936344
2.6014 0.11628 0.00201621 0.000775048
2.60539 0.153735 0.00232952 0.000894113
2.60939 0.165484 0.00359048 0.00137598
2.61339 0.127774 0.00282922 0.00108259
2.61738 0.162799 0.00455671 0.00174094
2.62138 0.10599 0.0032181 0.00122764
2.62537 0.129397 0.00105619 0.000402302
2.62937 0.147606 0.00408073 0.00155198
2.63337 0.1215 0.0041716 0.00158413
2.63736 0.121469 0.00257377 0.000975889
2.64136 0.113551 0.00229097 0.000867346
2.64535 0.119822 0.00384696 0.00145423
2.64935 0.126633 0.00241233 0.000910537
2.65335 0.105796 0.00296996 0.00111933
2.65734 0.103433 0.00280152 0.00105426
2.66134 0.106286 0.00297781 0.00111891
2.66533 0.106638 0.00401465 0.00150625
2.66933 0.0941275 0.00244449 0.000915769
2.67333 0.118538 0.00416726 0.00155883
2.67732 0.0755046 0.00214848 0.000802475
2.68132 0.0940503 0.00182792 0.000681726
2.68531 0.114087 0.00329432 0.00122679
2.68931 0.0957733 0.00301049 0.00111943
2.69331 0.0768713 0.00227368 0.000844197
2.6973 0.0475232 0.000767826 0.000284664
2.7013 0.104646 0.0030857 0.0011423
2.70529 0.0607358 0.00141552 0.000523242
2.70929 0.0931987 0.0029211 0.00107818
2.71329 0.0756001 0.0013947 0.000514026
2.71728 0.0962824 0.00333914 0.00122885
2.72128 0.0704431 0.00163296 0.000600071
2.72527 0.0800208 0.00168571 0.000618548
2.72927 0.0971365 0.00250564 0.000918062
2.73327 0.121478 0.00297924 0.00108999
2.73726 0.0579242 0.00132645 0.00048459
2.74126 0.105686 0.00186463 0.00068021
2.74525 0.093895 0.00293312 0.00106843
2.74925 0.0479809 0.00098949 0.000359913
2.75325 0.0584903 0.00137801 0.000500505
2.75724 0.0756318 0.00185439 0.000672553
2.76124 0.0851218 0.00272824 0.000988048
2.76523 0.0763819 0.00176122 0.000636915
2.76923 0.0697756 0.0013231 0.000477787
2.77323 0.0821985 0.00192556 0.000694339
2.77722 0.0609881 0.0019497 0.000702033
2.78122 0.0641901 0.00253865 0.000912782
2.78521 0.0770974 0.00136839 0.000491306
2.78921 0.0578668 0.00109903 0.000394028
2.79321 0.0658176 0.00175821 0.000629458
2.7972 0.0619664 0.00140303 0.000501585
2.8012 0.0580875 0.00145154 0.000518186
2.80519 0.0646033 0.00134689 0.00048014
2.80919 0.0581934 0.00145325 0.000517321
2.81319 0.0705539 0.00152389 0.000541697
2.81718 0.0520255 0.000802461 0.000284845
2.82118 0.0465212 0.000893749 0.0003168
2.82517 0.0553848 0.00137137 0.000485412
2.82917 0.0638695 0.00120661 0.000426488
2.83317 0.0881417 0.00183616 0.000648095
2.83716 0.0650115 0.00163687 0.000576938
2.84116 0.0699508 0.00147453 0.00051899
2.84515 0.0809872 0.00220208 0.000773977
2.84915 0.0646721 0.001447 0.000507871
2.85315 0.0585017 0.00179862 0.000630397
2.85714 0.0631233 0.00149337 0.000522681
2.86114 0.0476014 0.00126217 0.000441142
2.86513 0.0695059 0.00204049 0.000712178
2.86913 0.0419402 0.001318 0.000459371
2.87313 0.0495054 0.00128178 0.000446127
2.87712 0.0585225 0.0013857 0.000481628
2.88112 0.0713694 0.00211017 0.000732414
2.88511 0.0477078 0.000932941 0.000323364
2.88911 0.0544417 0.00109879 0.000380322
2.89311 0.0556862 0.00107002 0.000369851
2.8971 0.0631881 0.0010658 0.000367886
2.9011 0.0396739 0.000966095 0.00033301
2.90509 0.0495772 0.000786904 0.00027087
2.90909 0.0398407 0.000787012 0.000270535
2.91309 0.0590618 0.00140677 0.000482914
2.91708 0.0419199 0.000828436 0.000283995
2.92108 0.0727514 0.00165927 0.000568033
2.92507 0.0456642 0.000778204 0.000266046
2.92907 0.042624 0.000872684 0.000297939
2.93307 0.0617101 0.000963125 0.000328368
2.93706 0.0446444 0.000778139 0.000264938
2.94106 0.0548193 0.00132378 0.000450102
2.94505 0.054698 0.00134522 0.000456774
2.94905 0.0459606 0.000789111 0.000267582
2.95305 0.040904 0.00106418 0.000360366
2.95704 0.0380663 0.000809665 0.000273809
2.96104 0.0596195 0.00115157 0.000388908
2.96503 0.0509612 0.000919685 0.000310177
2.96903 0.0526589 0.00166513 0.000560831
2.97303 0.0521666 0.00159006 0.00053483
2.97702 0.0451115 0.000745396 0.000250383
2.98102 0.0457518 0.00106159 0.000356115
2.98501 0.0381721 0.000613447 0.000205509
2.98901 0.0456053 0.000929138 0.000310851
2.99301 0.0455128 0.000941167 0.000314455
2.997 0.0480868 0.00075332 0.000251358
3.001 0.0500537 0.00102107 0.000340243
3.005 0.0415379 0.000657187 0.000218698
3.00899 0.039041 0.000813088 0.00027022
3.01299 0.0360464 0.000691177 0.000229399
3.01698 0.0468047 0.000819237 0.000271542
3.02098 0.0457191 0.000865695 0.000286561
3.02498 0.0437017 0.00106278 0.000351334
3.02897 0.0462198 0.000823008 0.000271712
3.03297 0.0407343 0.000819016 0.000270038
3.03696 0.0347658 0.000633658 0.000208648
3.04096 0.0413979 0.000882463 0.000290192
3.04496 0.0423707 0.000937352 0.000307838
3.04895 0.0387882 0.000818991 0.000268614
3.05295 0.0565546 0.000975217 0.000319435
3.05694 0.0384537 0.000662755 0.000216803
3.06094 0.0426908 0.000983974 0.000321461
3.06494 0.0514674 0.000910148 0.000296955
3.06893 0.0377233 0.000602704 0.000196389
3.07293 0.035987 0.000691189 0.000224929
3.07692 0.0403647 0.000826319 0.000268554
3.08092 0.0381741 0.000626522 0.000203356
3.08492 0.0449808 0.000868045 0.000281384
3.08891 0.0400901 0.000780158 0.000252567
3.09291 0.0296935 0.000595533 0.000192548
3.0969 0.0411816 0.000761959 0.000246039
3.1009 0.0320913 0.000526762 0.000169874
3.1049 0.0377511 0.000566311 0.000182393
3.10889 0.0431975 0.000882154 0.000283752
3.11289 0.0378876 0.000655627 0.000210617
3.11688 0.0339068 0.000706759 0.000226752
3.12088 0.0432697 0.000814886 0.000261108
3.12488 0.0286796 0.000457976 0.000146558
3.12887 0.0319033 0.000564824 0.00018052
3.13287 0.0324714 0.000500243 0.000159676
3.13686 0.0408877 0.000935377 0.000298189
3.14086 0.0381147 0.000646108 0.000205711
3.14486 0.0348584 0.000614442 0.00019538
3.14885 0.0333393 0.000498138 0.000158197
3.15285 0.0306084 0.000513214 0.000162778
3.15684 0.032367 0.000525256 0.000166386
3.16084 0.0315139 0.000420646 0.00013308
3.16484 0.0335095 0.00064205 0.00020287
3.16883 0.0364626 0.000767908 0.000242332
3.17283 0.0319142 0.000495888 0.000156292
3.17682 0.0366689 0.00060626 0.000190838
3.18082 0.0403241 0.000632725 0.000198919
3.18482 0.0344576 0.00072441 0.000227457
3.18881 0.0311517 0.000470443 0.000147529
3.19281 0.0289745 0.000441133 0.000138165
3.1968 0.033272 0.000568781 0.000177922
3.2008 0.0391959 0.000652528 0.000203864
3.2048 0.0384423 0.000771218 0.000240645
3.20879 0.0324867 0.000482638 0.000150411
3.21279 0.0259487 0.000350129 0.00010898
3.21678 0.0303545 0.000465847 0.000144818
3.22078 0.0307049 0.000455824 0.000141526
3.22478 0.0388891 0.00072277 0.00022413
3.22877 0.0384794 0.000560779 0.000173682
3.23277 0.0344571 0.000645651 0.000199721
3.23676 0.0328712 0.000598084 0.000184778
3.24076 0.0377763 0.000877437 0.00027075
3.24476 0.0300012 0.000480628 0.000148125
3.24875 0.0325456 0.000461253 0.000141979
3.25275 0.0299582 0.000406462 0.00012496
3.25674 0.0320028 0.00049471 0.000151903
3.26074 0.0307672 0.000609912 0.000187047
3.26474 0.029162 0.000425395 0.0001303
3.26873 0.0292471 0.000332272 0.000101652
3.27273 0.032558 0.000483447 0.00014772
3.27672 0.0320048 0.000447568 0.00013659
3.28072 0.0296118 0.000406147 0.000123798
3.28472 0.0291927 0.000397237 0.000120935
3.28871 0.0246092 0.000292399 8.89099e-05
3.29271 0.0354596 0.000629314 0.000191123
3.2967 0.0281838 0.000469423 0.000142392
3.3007 0.0270467 0.000427598 0.000129548
3.3047 0.0349276 0.000519246 0.000157124
3.30869 0.0274594 0.000380377 0.000114963
3.31269 0.0302417 0.000459731 0.000138779
3.31668 0.0281368 0.000469207 0.000141469
3.32068 0.0334432 0.000670985 0.000202063
3.32468 0.026826 0.000401509 0.000120766
3.32867 0.0314367 0.000431914 0.000129756
3.33267 0.0316213 0.000457246 0.000137201
3.33666 0.0342552 0.000486284 0.00014574
3.34066 0.030122 0.00051668 0.000154664
3.34466 0.0299043 0.000439463 0.000131393
3.34865 0.0317568 0.000571616 0.0001707
3.35265 0.0274584 0.000378458 0.000112883
3.35664 0.0278612 0.000377396 0.000112433
3.36064 0.0286692 0.00046868 0.000139461
3.36464 0.0261357 0.000385168 0.000114475
3.36863 0.0299527 0.000414178 0.000122952
3.37263 0.0318147 0.000572419 0.000169725
3.37662 0.027161 0.000526497 0.000155924
3.38062 0.024531 0.000337713 9.98967e-05
3.38462 0.0299626 0.000445312 0.000131569
3.38861 0.0266904 0.000357589 0.000105527
3.39261 0.0267444 0.00046383 0.000136718
3.3966 0.0337366 0.00052566 0.000154761
3.4006 0.0249863 0.000315702 9.28371e-05
3.4046 0.0241347 0.000278065 8.16735e-05
3.40859 0.0319904 0.000519569 0.000152429
3.41259 0.0287147 0.000497422 0.000145761
3.41658 0.0303486 0.000517741 0.000151537
3.42058 0.0277419 0.000418034 0.000122212
3.42458 0.0313654 0.000491722 0.000143586
3.42857 0.0260204 0.000308181 8.98862e-05
3.43257 0.0263851 0.000346462 0.000100934
3.43656 0.0285489 0.000401977 0.000116971
3.44056 0.0251204 0.000328157 9.53791e-05
3.44456 0.0279992 0.000435126 0.000126323
3.44855 0.0352493 0.000485504 0.000140785
3.45255 0.0244009 0.000306074 8.86517e-05
3.45654 0.0272857 0.000356724 0.000103203
3.46054 0.0261347 0.000335362 9.69104e-05
3.46454 0.0255261 0.000390446 0.000112698
3.46853 0.028735 0.000483669 0.000139445
3.47253 0.0245112 0.000264673 7.6219e-05
3.47652 0.0221341 0.000274969 7.90932e-05
3.48052 0.0269695 0.000429849 0.000123501
3.48452 0.0252866 0.000313189 8.98802e-05
3.48851 0.0249749 0.000373987 0.000107205
3.49251 0.0276281 0.000372569 0.000106677
3.4965 0.0252065 0.00037266 0.000106581
3.5005 0.0230154 0.000290851 8.30885e-05
3.5045 0.0231411 0.000311982 8.90235e-05
3.50849 0.0264905 0.000390184 0.000111211
3.51249 0.0236864 0.00028859 8.21613e-05
3.51648 0.0243212 0.000359661 0.000102279
3.52048 0.0234048 0.000289011 8.20943e-05
3.52448 0.0274445 0.000432052 0.000122586
3.52847 0.0233138 0.000289484 8.20425e-05
3.53247 0.0248527 0.000279497 7.91222e-05
3.53646 0.0253277 0.000378736 0.000107094
3.54046 0.0275118 0.000323851 9.14714e-05
3.54446 0.025968 0.000431511 0.000121743
3.54845 0.0246513 0.00029066 8.19116e-05
3.55245 0.0243811 0.000333201 9.37948e-05
3.55644 0.0223608 0.000247466 6.95825e-05
3.56044 0.0255835 0.000324397 9.11116e-05
3.56444 0.0238343 0.000307604 8.62982e-05
3.56843 0.0234796 0.000356775 9.9981e-05
3.57243 0.0211415 0.000237762 6.65549e-05
3.57642 0.0255256 0.000383748 0.000107299
3.58042 0.0260422 0.000461559 0.000128912
3.58442 0.0201336 0.000222016 6.19392e-05
3.58841 0.0258596 0.000303022 8.44447e-05
3.59241 0.0226908 0.000283462 7.89059e-05
3.5964 0.0272407 0.000349683 9.72312e-05
3.6004 0.0229451 0.000310349 8.61986e-05
3.6044 0.0244697 0.000319345 8.85986e-05
3.60839 0.0276038 0.000346243 9.5955e-05
3.61239 0.0232975 0.000287597 7.96142e-05
3.61638 0.0306267 0.000464885 0.00012855
3.62038 0.0219075 0.000315284 8.70858e-05
3.62438 0.0243108 0.000347973 9.60092e-05
3.62837 0.022766 0.000301725 8.31571e-05
3.63237 0.0221485 0.000251045 6.91133e-05
3.63636 0.0254311 0.000336141 9.24388e-05
3.64036 0.0231401 0.000354093 9.72687e-05
3.64436 0.0238828 0.000288808 7.92479e-05
3.64835 0.0195571 0.000221235 6.06398e-05
3.65235 0.0253307 0.00028604 7.83167e-05
3.65634 0.0210742 0.000251696 6.88381e-05
3.66034 0.0255766 0.000297364 8.12395e-05
3.66434 0.0249417 0.000317768 8.67191e-05
3.66833 0.0233722 0.000290788 7.92698e-05
3.67233 0.0273381 0.000373407 0.000101681
3.67632 0.0218669 0.000295586 8.04026e-05
3.68032 0.0205255 0.0002107 5.72504e-05
3.68432 0.0260333 0.000327543 8.89021e-05
3.68831 0.0211297 0.000291034 7.89072e-05
3.69231 0.0276019 0.000361232 9.78335e-05
3.6963 0.0210911 0.000234138 6.33438e-05
3.7003 0.0239887 0.000303938 8.21387e-05
3.7043 0.0191276 0.000238795 6.44644e-05
3.70829 0.0226661 0.00033095 8.92459e-05
3.71229 0.0266879 0.000333117 8.97337e-05
3.71628 0.0213202 0.000277688 7.4722e-05
3.72028 0.0232128 0.000281793 7.57451e-05
3.72428 0.0211559 0.000245971 6.60454e-05
3.72827 0.0232059 0.000303438 8.13885e-05
3.73227 0.0225122 0.000274953 7.36691e-05
3.73626 0.0258309 0.000316889 8.48143e-05
3.74026 0.0276514 0.000407664 0.000108993
3.74426 0.0241421 0.000299853 8.00834e-05
3.74825 0.0233088 0.000325639 8.68775e-05
3.75225 0.0211406 0.000225073 5.99835e-05
3.75624 0.0190455 0.000215752 5.74383e-05
3.76024 0.0233979 0.000336902 8.95958e-05
3.76424 0.0228185 0.000268317 7.12807e-05
3.76823 0.0227165 0.000295599 7.84449e-05
3.77223 0.0236577 0.000307609 8.15457e-05
3.77622 0.0250283 0.000336306 8.90589e-05
3.78022 0.0210545 0.000234282 6.19757e-05
3.78422 0.02348 0.000312003 8.24485e-05
3.78821 0.0219352 0.000268784 7.09528e-05
3.79221 0.0213786 0.00024542 6.47169e-05
3.7962 0.0210906 0.00021888 5.76576e-05
3.8002 0.022527 0.000251367 6.61458e-05
3.8042 0.0217581 0.000235272 6.18453e-05
3.80819 0.0231065 0.000259142 6.80487e-05
3.81219 0.0204498 0.000215774 5.6601e-05
3.81618 0.0218976 0.000266951 6.99523e-05
3.82018 0.0228219 0.000261232 6.83821e-05
3.82418 0.0214478 0.000265384 6.93964e-05
3.82817 0.0207482 0.000247757 6.47193e-05
3.83217 0.0224983 0.000286171 7.46761e-05
3.83616 0.0210797 0.000282936 7.37548e-05
3.84016 0.0240689 0.000270602 7.04663e-05
3.84416 0.0162721 0.000161963 4.21323e-05
3.84815 0.022674 0.000321804 8.36255e-05
3.85215 0.0204646 0.000239979 6.22975e-05
3.85614 0.0224736 0.000317451 8.23234e-05
3.86014 0.0211227 0.000264577 6.85407e-05
3.86414 0.0209783 0.000225645 5.83946e-05
3.86813 0.0191697 0.000195249 5.04764e-05
3.87213 0.0222747 0.000267263 6.90224e-05
3.87612 0.0202133 0.000210882 5.44053e-05
3.88012 0.0202959 0.000237905 6.13139e-05
3.88412 0.0216819 0.000301192 7.75445e-05
3.88811 0.0223652 0.000241 6.19839e-05
3.89211 0.0201945 0.000205988 5.29245e-05
3.8961 0.02177 0.000234469 6.01805e-05
3.9001 0.023775 0.000278074 7.12992e-05
3.9041 0.0228595 0.000248294 6.35982e-05
3.90809 0.0185665 0.00019862 5.08228e-05
3.91209 0.0210742 0.000239706 6.12732e-05
3.91608 0.0200747 0.000265971 6.79176e-05
3.92008 0.0223801 0.000269207 6.86739e-05
3.92408 0.0235939 0.000293555 7.48086e-05
3.92807 0.0207101 0.000197349 5.02408e-05
3.93207 0.0194171 0.000222153 5.64977e-05
3.93606 0.0222108 0.000243731 6.19226e-05
3.94006 0.0205299 0.000230261 5.84409e-05
3.94406 0.0195007 0.000201588 5.11117e-05
3.94805 0.0229521 0.000267418 6.77343e-05
3.95205 0.0202187 0.000239826 6.0684e-05
3.95604 0.0207541 0.000217088 5.48749e-05
3.96004 0.0230961 0.000272445 6.87985e-05
3.96404 0.0220688 0.000256325 6.46625e-05
3.96803 0.0212781 0.000213495 5.38037e-05
3.97203 0.0188016 0.000179178 4.511e-05
3.97602 0.0187813 0.000184345 4.63642e-05
3.98002 0.0195888 0.000251573 6.3209e-05
3.98402 0.020808 0.000257942 6.47443e-05
3.98801 0.020045 0.000227686 5.70925e-05
3.99201 0.021095 0.000223512 5.59899e-05
3.996 0.019948 0.000234613 5.8712e-05
4 0.0201123 0.000240867 6.02168e-05
